851.00 2259.70960000
852.00 2226.03920000
853.00 2238.23840000
854.00 2210.08160000
855.00 2219.54160000
856.00 2208.79200000
857.00 2198.00320000
858.00 2181.72880000
859.00 2202.76560000
860.00 2177.66480000
861.00 2182.52480000
862.00 2159.32320000
863.00 2168.98240000
864.00 2158.06400000
865.00 2145.34240000
866.00 2141.39360000
867.00 2124.43120000
868.00 2123.75040000
869.00 2097.02480000
870.00 2118.07600000
871.00 2101.90720000
872.00 2099.00240000
873.00 2087.06880000
874.00 2066.26320000
875.00 2056.60080000
876.00 2055.33360000
877.00 2052.18720000
878.00 2060.30960000
879.00 2051.38320000
880.00 2042.09920000
881.00 2034.67280000
882.00 2032.92720000
883.00 2022.61840000
884.00 2015.96640000
885.00 1995.74880000
886.00 1994.34880000
887.00 1970.18560000
888.00 1960.44720000
889.00 1980.38240000
890.00 1982.54240000
891.00 1954.62960000
892.00 1943.12480000
893.00 1960.02640000
894.00 1955.57840000
895.00 1923.86080000
896.00 1912.86320000
897.00 1927.62000000
898.00 1922.99680000
899.00 1904.82080000
900.00 1900.79440000
901.00 1894.27600000
902.00 1894.48720000
903.00 1876.32240000
904.00 1867.72640000
905.00 1880.13680000
906.00 1851.31200000
907.00 1855.03840000
908.00 1847.99040000
909.00 1837.37680000
910.00 1827.94640000
911.00 1848.42960000
912.00 1817.22560000
913.00 1816.21520000
914.00 1806.33920000
915.00 1789.70000000
916.00 1783.96480000
917.00 1772.88720000
918.00 1779.22560000
919.00 1770.72720000
920.00 1747.25760000
921.00 1751.98720000
922.00 1749.81920000
923.00 1726.18320000
924.00 1756.73360000
925.00 1732.41680000
926.00 1718.56480000
927.00 1727.96400000
928.00 1720.07360000
929.00 1706.96240000
930.00 1725.62640000
931.00 1692.26160000
932.00 1722.22480000
933.00 1681.45440000
934.00 1669.73440000
935.00 1691.65760000
936.00 1661.40480000
937.00 1673.51600000
938.00 1671.53520000
939.00 1633.66080000
940.00 1665.96720000
941.00 1655.11520000
942.00 1629.28080000
943.00 1641.94880000
944.00 1634.19200000
945.00 1641.05520000
946.00 1605.16080000
947.00 1617.16480000
948.00 1605.99920000
949.00 1607.69920000
950.00 1600.98640000
951.00 1572.51040000
952.00 1579.84160000
953.00 1551.95360000
954.00 1574.01680000
955.00 1553.76640000
956.00 1570.36080000
957.00 1542.76560000
958.00 1539.84400000
959.00 1521.42240000
960.00 1547.39840000
961.00 1521.18800000
962.00 1530.60400000
963.00 1545.10240000
964.00 1530.46960000
965.00 1494.84880000
966.00 1473.61200000
967.00 1497.72720000
968.00 1499.30880000
969.00 1480.52480000
970.00 1474.66960000
971.00 1484.15200000
972.00 1469.19520000
973.00 1500.52400000
974.00 1463.48320000
975.00 1467.47680000
976.00 1462.85440000
977.00 1455.73200000
978.00 1448.31360000
979.00 1452.30800000
980.00 1427.16160000
981.00 1420.59200000
982.00 1403.23280000
983.00 1435.37600000
984.00 1437.50880000
985.00 1400.23360000
986.00 1436.89920000
987.00 1417.02320000
988.00 1408.03200000
989.00 1412.75760000
990.00 1388.29600000
991.00 1401.63360000
992.00 1380.71760000
993.00 1378.58720000
994.00 1370.86880000
995.00 1343.04160000
996.00 1345.45040000
997.00 1365.29360000
998.00 1352.03600000
999.00 1343.69920000
1000.00 1335.24400000
1001.00 1327.13680000
1002.00 1347.81120000
1003.00 1336.17760000
1004.00 1331.00160000
1005.00 1318.69920000
1006.00 1314.29360000
1007.00 1318.67280000
1008.00 1315.49840000
1009.00 1316.97840000
1010.00 1290.00160000
1011.00 1314.71040000
1012.00 1289.76560000
1013.00 1282.32000000
1014.00 1275.43200000
1015.00 1285.02000000
1016.00 1255.66480000
1017.00 1268.43040000
1018.00 1278.48480000
1019.00 1268.54560000
1020.00 1245.52960000
1021.00 1255.32800000
1022.00 1260.48400000
1023.00 1237.61920000
1024.00 1244.79280000
1025.00 1240.43120000
1026.00 1229.65280000
1027.00 1227.37120000
1028.00 1234.29840000
1029.00 1247.84880000
1030.00 1218.06400000
1031.00 1223.28160000
1032.00 1231.08400000
1033.00 1213.58720000
1034.00 1195.94720000
1035.00 1188.94240000
1036.00 1212.19920000
1037.00 1203.77680000
1038.00 1199.39040000
1039.00 1185.67040000
1040.00 1183.41760000
1041.00 1164.07600000
1042.00 1177.62800000
1043.00 1159.45120000
1044.00 1176.29200000
1045.00 1139.58080000
1046.00 1155.90320000
1047.00 1142.87600000
1048.00 1158.02240000
1049.00 1145.60640000
1050.00 1137.11200000
1051.00 1140.37200000
1052.00 1146.90880000
1053.00 1134.63280000
1054.00 1130.24480000
1055.00 1135.69360000
1056.00 1128.74320000
1057.00 1110.44160000
1058.00 1104.09680000
1059.00 1131.69120000
1060.00 1111.19840000
1061.00 1110.19440000
1062.00 1088.12560000
1063.00 1101.12880000
1064.00 1085.74800000
1065.00 1083.02800000
1066.00 1068.79280000
1067.00 1058.99920000
1068.00 1079.92240000
1069.00 1060.36800000
1070.00 1065.40240000
1071.00 1062.84000000
1072.00 1056.73520000
1073.00 1061.26080000
1074.00 1058.30800000
1075.00 1054.77360000
1076.00 1052.66960000
1077.00 1033.80880000
1078.00 1055.27920000
1079.00 1028.67760000
1080.00 1028.03280000
1081.00 1032.85840000
1082.00 1020.94320000
1083.00 1039.23600000
1084.00 1017.73360000
1085.00 1023.54320000
1086.00 1009.87120000
1087.00 1018.29360000
1088.00 1007.45120000
1089.00 1004.78960000
1090.00 997.85680000
1091.00 994.47840000
1092.00 971.75840000
1093.00 995.92720000
1094.00 992.04800000
1095.00 987.11840000
1096.00 974.72080000
1097.00 971.06160000
1098.00 972.34800000
1099.00 980.79200000
1100.00 988.39280000
1101.00 985.49920000
1102.00 980.68000000
1103.00 951.17200000
1104.00 946.47360000
1105.00 957.89360000
1106.00 952.06080000
1107.00 951.03280000
1108.00 941.14000000
1109.00 934.64080000
1110.00 944.88160000
1111.00 934.54320000
1112.00 925.24800000
1113.00 921.23920000
1114.00 945.78400000
1115.00 932.57200000
1116.00 924.41360000
1117.00 916.14720000
1118.00 932.09360000
1119.00 923.08720000
1120.00 891.39040000
1121.00 929.28000000
1122.00 936.21360000
1123.00 919.89760000
1124.00 943.47520000
1125.00 934.51840000
1126.00 918.49120000
1127.00 916.01280000
1128.00 933.31040000
1129.00 918.07680000
1130.00 926.71680000
1131.00 920.33120000
1132.00 923.29120000
1133.00 910.28640000
1134.00 924.68800000
1135.00 909.78480000
1136.00 912.25120000
1137.00 930.42800000
1138.00 937.83120000
1139.00 928.62320000
1140.00 922.51840000
1141.00 914.24640000
1142.00 914.03920000
1143.00 931.39600000
1144.00 931.17200000
1145.00 953.94080000
1146.00 923.85760000
1147.00 919.57680000
1148.00 927.01600000
1149.00 949.76160000
1150.00 935.15200000
1151.00 931.30720000
1152.00 935.34720000
1153.00 943.15200000
1154.00 939.52720000
1155.00 948.84720000
1156.00 921.55200000
1157.00 931.47600000
1158.00 930.17200000
1159.00 924.65680000
1160.00 939.54000000
1161.00 937.13120000
1162.00 925.14240000
1163.00 951.11760000
1164.00 952.12640000
1165.00 937.29280000
1166.00 962.78000000
1167.00 939.22720000
1168.00 906.92640000
1169.00 939.14640000
1170.00 948.22880000
1171.00 947.12240000
1172.00 946.70240000
1173.00 938.36240000
1174.00 927.98640000
1175.00 941.86960000
1176.00 925.28320000
1177.00 940.78240000
1178.00 938.42320000
1179.00 937.89520000
1180.00 937.93440000
1181.00 935.53360000
1182.00 920.85200000
1183.00 909.52640000
1184.00 959.42720000
1185.00 937.29040000
1186.00 937.79120000
1187.00 925.42320000
1188.00 929.91840000
1189.00 921.04320000
1190.00 915.78240000
1191.00 931.06320000
1192.00 928.48160000
1193.00 906.87280000
1194.00 897.96400000
1195.00 902.96320000
1196.00 916.19760000
1197.00 926.85200000
1198.00 893.04000000
1199.00 905.16320000
1200.00 882.19040000
1201.00 901.81680000
1202.00 898.89200000
1203.00 884.10800000
1204.00 913.82240000
1205.00 919.40640000
1206.00 899.82000000
1207.00 904.44080000
1208.00 898.14160000
1209.00 900.46080000
1210.00 902.78640000
1211.00 887.29120000
1212.00 912.22560000
1213.00 886.49840000
1214.00 880.03280000
1215.00 875.15600000
1216.00 891.54560000
1217.00 886.23040000
1218.00 889.57040000
1219.00 881.21920000
1220.00 850.82400000
1221.00 870.64480000
1222.00 866.18640000
1223.00 901.56640000
1224.00 886.96960000
1225.00 880.74960000
1226.00 894.34400000
1227.00 881.61200000
1228.00 879.86640000
1229.00 874.00320000
1230.00 843.93040000
1231.00 862.02640000
1232.00 860.13120000
1233.00 854.06720000
1234.00 849.16160000
1235.00 852.56320000
1236.00 840.01040000
1237.00 858.97280000
1238.00 858.65680000
1239.00 836.47840000
1240.00 845.05680000
1241.00 843.96160000
1242.00 835.12720000
1243.00 847.47280000
1244.00 851.77360000
1245.00 845.29040000
1246.00 829.97200000
1247.00 842.94640000
1248.00 853.68640000
1249.00 824.92240000
1250.00 826.49440000
1251.00 825.69360000
1252.00 818.89360000
1253.00 836.99920000
1254.00 817.58800000
1255.00 817.77680000
1256.00 805.69120000
1257.00 827.48880000
1258.00 815.61520000
1259.00 825.96000000
1260.00 806.44160000
1261.00 796.30640000
1262.00 828.81120000
1263.00 809.38080000
1264.00 807.19840000
1265.00 794.98480000
1266.00 789.22480000
1267.00 803.08800000
1268.00 816.73120000
1269.00 819.13440000
1270.00 777.67520000
1271.00 788.50480000
1272.00 786.25680000
1273.00 775.46480000
1274.00 782.30720000
1275.00 777.20560000
1276.00 769.80320000
1277.00 772.58960000
1278.00 783.29440000
1279.00 797.88480000
1280.00 775.04080000
1281.00 745.02880000
1282.00 749.50240000
1283.00 773.66800000
1284.00 769.47920000
1285.00 804.94960000
1286.00 769.13520000
1287.00 740.72240000
1288.00 770.36480000
1289.00 743.89280000
1290.00 741.86800000
1291.00 747.57840000
1292.00 744.06240000
1293.00 751.09600000
1294.00 743.96480000
1295.00 748.49920000
1296.00 766.47280000
1297.00 775.89200000
1298.00 736.97440000
1299.00 743.97520000
1300.00 729.93760000
1301.00 739.09920000
1302.00 746.27920000
1303.00 757.88720000
1304.00 747.02000000
1305.00 739.81920000
1306.00 729.72640000
1307.00 734.80080000
1308.00 741.75440000
1309.00 751.43600000
1310.00 742.25280000
1311.00 727.23840000
1312.00 719.83760000
1313.00 716.27920000
1314.00 716.38880000
1315.00 724.80400000
1316.00 719.64560000
1317.00 706.62880000
1318.00 714.36960000
1319.00 709.53600000
1320.00 715.52160000
1321.00 724.44080000
1322.00 714.64560000
1323.00 733.27760000
1324.00 702.57520000
1325.00 692.85840000
1326.00 731.76320000
1327.00 708.35840000
1328.00 706.60480000
1329.00 686.60320000
1330.00 712.86240000
1331.00 717.51680000
1332.00 724.58960000
1333.00 721.51120000
1334.00 709.64560000
1335.00 711.81280000
1336.00 711.38800000
1337.00 726.36400000
1338.00 720.38560000
1339.00 728.16320000
1340.00 722.88880000
1341.00 721.38080000
1342.00 717.15040000
1343.00 734.53120000
1344.00 725.04800000
1345.00 703.00880000
1346.00 721.78720000
1347.00 728.88480000
1348.00 722.95440000
1349.00 725.31760000
1350.00 727.01200000
1351.00 763.75760000
1352.00 725.05920000
1353.00 746.10960000
1354.00 724.60000000
1355.00 756.59440000
1356.00 710.87840000
1357.00 709.35840000
1358.00 735.08320000
1359.00 711.16720000
1360.00 716.61680000
1361.00 741.61200000
1362.00 725.20800000
1363.00 707.70400000
1364.00 720.92400000
1365.00 711.97200000
1366.00 726.42800000
1367.00 721.52560000
1368.00 710.41520000
1369.00 713.52160000
1370.00 731.75200000
1371.00 716.48000000
1372.00 736.04560000
1373.00 752.31120000
1374.00 728.43840000
1375.00 713.70800000
1376.00 717.51520000
1377.00 723.09600000
1378.00 730.34640000
1379.00 717.58960000
1380.00 714.67360000
1381.00 716.75280000
1382.00 717.21920000
1383.00 724.45360000
1384.00 744.17200000
1385.00 710.18560000
1386.00 742.52080000
1387.00 720.42800000
1388.00 723.28000000
1389.00 727.45280000
1390.00 718.58720000
1391.00 746.87040000
1392.00 729.46000000
1393.00 757.26800000
1394.00 745.78720000
1395.00 740.44000000
1396.00 716.21280000
1397.00 724.05360000
1398.00 728.27920000
1399.00 735.25760000
1400.00 713.58400000
1401.00 716.06720000
1402.00 720.11600000
1403.00 725.22560000
1404.00 721.27680000
1405.00 714.55600000
1406.00 708.60000000
1407.00 719.38400000
1408.00 715.74160000
1409.00 725.15520000
1410.00 713.82400000
1411.00 712.83120000
1412.00 707.62560000
1413.00 714.38320000
1414.00 721.86800000
1415.00 708.97600000
1416.00 695.86880000
1417.00 697.52080000
1418.00 731.71760000
1419.00 699.37760000
1420.00 686.39360000
1421.00 694.73920000
1422.00 729.34560000
1423.00 699.37120000
1424.00 689.68560000
1425.00 706.84160000
1426.00 696.21520000
1427.00 704.46000000
1428.00 699.99520000
1429.00 701.79840000
1430.00 706.34400000
1431.00 691.05920000
1432.00 658.19920000
1433.00 685.20320000
1434.00 688.29440000
1435.00 694.65600000
1436.00 672.49760000
1437.00 687.12640000
1438.00 672.00560000
1439.00 666.27920000
1440.00 674.93120000
1441.00 678.61120000
1442.00 677.70400000
1443.00 677.90960000
1444.00 689.12400000
1445.00 695.24560000
1446.00 692.91280000
1447.00 689.33840000
1448.00 672.27920000
1449.00 691.38480000
1450.00 664.96320000
1451.00 685.28400000
1452.00 648.56720000
1453.00 667.34160000
1454.00 671.65520000
1455.00 680.35760000
1456.00 643.17200000
1457.00 676.54960000
1458.00 676.83760000
1459.00 663.52240000
1460.00 685.26080000
1461.00 680.91280000
1462.00 651.52000000
1463.00 666.42000000
1464.00 645.50640000
1465.00 669.64400000
1466.00 665.77840000
1467.00 673.11680000
1468.00 656.70000000
1469.00 677.03840000
1470.00 663.64560000
1471.00 649.64400000
1472.00 684.02240000
1473.00 673.13200000
1474.00 658.28080000
1475.00 670.97600000
1476.00 651.34320000
1477.00 663.61520000
1478.00 649.44400000
1479.00 636.16000000
1480.00 652.47840000
1481.00 658.10560000
1482.00 641.85200000
1483.00 633.64320000
1484.00 674.74960000
1485.00 648.18400000
1486.00 646.85040000
1487.00 657.58400000
1488.00 654.11120000
1489.00 650.04960000
1490.00 646.67040000
1491.00 625.26000000
1492.00 647.62480000
1493.00 635.05520000
1494.00 662.17360000
1495.00 632.07360000
1496.00 644.01120000
1497.00 629.83520000
1498.00 652.29680000
1499.00 608.79520000
1500.00 634.26960000
1501.00 636.90000000
1502.00 650.94080000
1503.00 657.34800000
1504.00 650.70640000
1505.00 644.55280000
1506.00 616.64240000
1507.00 634.51920000
1508.00 629.29520000
1509.00 636.37040000
1510.00 632.08880000
1511.00 641.40800000
1512.00 610.57120000
1513.00 644.28800000
1514.00 636.51760000
1515.00 633.20640000
1516.00 612.74240000
1517.00 621.27920000
1518.00 633.25360000
1519.00 630.33920000
1520.00 634.62240000
1521.00 614.37120000
1522.00 612.15200000
1523.00 612.17600000
1524.00 618.91200000
1525.00 598.08720000
1526.00 619.27600000
1527.00 619.92080000
1528.00 620.22480000
1529.00 614.89600000
1530.00 624.83280000
1531.00 590.64880000
1532.00 618.78640000
1533.00 615.06960000
1534.00 594.16880000
1535.00 630.26560000
1536.00 602.36240000
1537.00 607.46720000
1538.00 599.89200000
1539.00 623.52320000
1540.00 606.36000000
1541.00 616.08080000
1542.00 600.30320000
1543.00 607.86400000
1544.00 579.53200000
1545.00 579.59840000
1546.00 580.51680000
1547.00 614.89200000
1548.00 621.15040000
1549.00 583.17120000
1550.00 575.11040000
1551.00 592.04080000
1552.00 594.21200000
1553.00 595.86080000
1554.00 604.12000000
1555.00 574.49200000
1556.00 560.89840000
1557.00 582.97120000
1558.00 580.58720000
1559.00 570.61360000
1560.00 566.66160000
1561.00 589.59680000
1562.00 592.60240000
1563.00 582.17200000
1564.00 567.39280000
1565.00 584.11040000
1566.00 589.06240000
1567.00 604.42880000
1568.00 565.00000000
1569.00 575.61040000
1570.00 574.30160000
1571.00 587.45360000
1572.00 581.44720000
1573.00 569.03440000
1574.00 570.50400000
1575.00 546.75520000
1576.00 555.92800000
1577.00 574.24080000
1578.00 557.62080000
1579.00 541.96400000
1580.00 553.11280000
1581.00 575.33440000
1582.00 575.48640000
1583.00 581.86720000
1584.00 543.46640000
1585.00 562.40880000
1586.00 555.00240000
1587.00 557.46960000
1588.00 541.21120000
1589.00 561.27440000
1590.00 542.43200000
1591.00 558.91280000
1592.00 549.03760000
1593.00 550.90720000
1594.00 551.90480000
1595.00 532.93760000
1596.00 544.76080000
1597.00 539.34400000
1598.00 569.20480000
1599.00 538.54480000
1600.00 537.45840000
1601.00 535.19120000
1602.00 530.36880000
1603.00 535.07680000
1604.00 551.02560000
1605.00 532.12400000
1606.00 566.00960000
1607.00 533.99680000
1608.00 551.09520000
1609.00 544.16640000
1610.00 515.58000000
1611.00 538.82080000
1612.00 494.97680000
1613.00 541.13200000
1614.00 538.13040000
1615.00 519.24160000
1616.00 521.19280000
1617.00 537.95120000
1618.00 512.18800000
1619.00 543.23760000
1620.00 522.81280000
1621.00 536.89200000
1622.00 516.25040000
1623.00 530.67760000
1624.00 521.12400000
1625.00 523.49680000
1626.00 495.49840000
1627.00 505.92160000
1628.00 514.16960000
1629.00 510.28320000
1630.00 536.57760000
1631.00 505.38720000
1632.00 499.66720000
1633.00 518.58080000
1634.00 519.73760000
1635.00 537.31040000
1636.00 508.02240000
1637.00 496.44080000
1638.00 516.39680000
1639.00 490.25680000
1640.00 511.25120000
1641.00 507.18720000
1642.00 502.62240000
1643.00 496.06160000
1644.00 482.18080000
1645.00 521.91200000
1646.00 486.89200000
1647.00 478.66320000
1648.00 505.59920000
1649.00 495.70400000
1650.00 481.90720000
1651.00 511.23600000
1652.00 485.01680000
1653.00 500.12320000
1654.00 494.82320000
1655.00 481.47680000
1656.00 498.58800000
1657.00 484.82720000
1658.00 486.89600000
1659.00 467.25920000
1660.00 479.24480000
1661.00 479.25920000
1662.00 476.29840000
1663.00 477.01200000
1664.00 485.08400000
1665.00 454.02320000
1666.00 471.67040000
1667.00 451.26400000
1668.00 473.02000000
1669.00 459.22560000
1670.00 475.17520000
1671.00 454.27440000
1672.00 476.53040000
1673.00 457.15360000
1674.00 470.25840000
1675.00 456.35600000
1676.00 448.21200000
1677.00 453.92000000
1678.00 472.47920000
1679.00 465.58720000
1680.00 466.05120000
1681.00 450.34000000
1682.00 486.97280000
1683.00 461.70400000
1684.00 462.45600000
1685.00 474.09440000
1686.00 455.39440000
1687.00 477.90080000
1688.00 447.11440000
1689.00 452.48000000
1690.00 467.79040000
1691.00 470.05760000
1692.00 441.32960000
1693.00 471.24320000
1694.00 462.89760000
1695.00 469.30320000
1696.00 459.58800000
1697.00 424.89040000
1698.00 465.93600000
1699.00 459.99200000
1700.00 430.62800000
1701.00 463.36960000
1702.00 455.90880000
1703.00 431.25200000
1704.00 462.73200000
1705.00 453.50720000
1706.00 451.32240000
1707.00 445.08240000
1708.00 442.01840000
1709.00 443.01440000
1710.00 459.86640000
1711.00 433.92720000
1712.00 438.49360000
1713.00 440.04480000
1714.00 429.09600000
1715.00 448.30640000
1716.00 424.17920000
1717.00 437.33920000
1718.00 436.86960000
1719.00 426.87040000
1720.00 435.70560000
1721.00 444.57680000
1722.00 435.50960000
1723.00 428.26240000
1724.00 435.01680000
1725.00 411.89520000
1726.00 416.38080000
1727.00 436.89120000
1728.00 415.42640000
1729.00 409.62880000
1730.00 426.85440000
1731.00 419.46400000
1732.00 436.37040000
1733.00 433.74720000
1734.00 406.34480000
1735.00 410.24560000
1736.00 409.91840000
1737.00 420.55840000
1738.00 435.50720000
1739.00 390.81920000
1740.00 415.83120000
1741.00 407.46000000
1742.00 391.90480000
1743.00 404.19440000
1744.00 395.62480000
1745.00 413.48800000
1746.00 399.14000000
1747.00 406.53280000
1748.00 402.31360000
1749.00 401.26080000
1750.00 399.60000000
1751.00 416.05840000
1752.00 402.77680000
1753.00 387.91440000
1754.00 403.74000000
1755.00 419.99760000
1756.00 400.74240000
1757.00 401.08880000
1758.00 407.31680000
1759.00 391.33920000
1760.00 392.59200000
1761.00 377.52400000
1762.00 386.02960000
1763.00 396.90160000
1764.00 384.29440000
1765.00 388.32000000
1766.00 419.54560000
1767.00 398.33120000
1768.00 416.61680000
1769.00 407.05040000
1770.00 389.68000000
1771.00 372.51920000
1772.00 410.24000000
1773.00 376.20240000
1774.00 407.14240000
1775.00 398.10320000
1776.00 385.34720000
1777.00 413.93680000
1778.00 378.44000000
1779.00 391.51280000
1780.00 369.86880000
1781.00 383.83280000
1782.00 383.14320000
1783.00 392.35600000
1784.00 367.41440000
1785.00 371.42720000
1786.00 365.60000000
1787.00 360.11440000
1788.00 402.35680000
1789.00 365.75760000
1790.00 372.06080000
1791.00 385.74960000
1792.00 362.67040000
1793.00 366.53600000
1794.00 367.99840000
1795.00 392.84400000
1796.00 370.18400000
1797.00 402.09600000
1798.00 374.79520000
1799.00 378.88560000
1800.00 378.90480000
1801.00 381.17120000
1802.00 399.44720000
1803.00 358.08480000
1804.00 353.93920000
1805.00 381.89120000
1806.00 362.21920000
1807.00 347.02560000
1808.00 364.30880000
1809.00 373.35200000
1810.00 368.11120000
1811.00 377.74400000
1812.00 380.58960000
1813.00 364.67680000
1814.00 377.96080000
1815.00 359.71200000
1816.00 347.20800000
1817.00 357.60320000
1818.00 354.20320000
1819.00 353.02880000
1820.00 376.79200000
1821.00 375.29920000
1822.00 353.88640000
1823.00 356.83200000
1824.00 352.25520000
1825.00 369.84800000
1826.00 341.16880000
1827.00 362.91840000
1828.00 359.40000000
1829.00 320.84320000
1830.00 363.15680000
1831.00 360.03280000
1832.00 348.46240000
1833.00 337.47760000
1834.00 353.65680000
1835.00 372.13760000
1836.00 361.67120000
1837.00 339.88080000
1838.00 341.91280000
1839.00 351.57600000
1840.00 330.18160000
1841.00 345.92720000
1842.00 351.16960000
1843.00 339.82880000
1844.00 347.02320000
1845.00 369.15040000
1846.00 343.03840000
1847.00 327.21840000
1848.00 325.75120000
1849.00 320.74640000
1850.00 333.06480000
1851.00 330.02160000
1852.00 363.18640000
1853.00 330.44320000
1854.00 361.50080000
1855.00 318.18320000
1856.00 326.17840000
1857.00 324.77120000
1858.00 324.49200000
1859.00 315.24080000
1860.00 347.62880000
1861.00 329.60560000
1862.00 312.42800000
1863.00 333.93760000
1864.00 342.35840000
1865.00 325.60640000
1866.00 327.45520000
1867.00 314.94400000
1868.00 328.83920000
1869.00 335.87200000
1870.00 304.05120000
1871.00 315.91600000
1872.00 313.14560000
1873.00 343.17040000
1874.00 304.92800000
