   1.5164388e+01
   3.4301052e+01
   1.1787474e+01
  -3.1321215e+01
   1.3072459e+01
  -1.4694474e+01
  -1.5055573e+01
   1.3403818e+01
  -1.4258711e+00
  -1.6244345e+01
   7.2299162e+00
  -1.9169555e+01
   1.0127969e+01
  -9.3135908e+00
   1.4724970e+00
  -4.3991557e+00
   1.0089408e+01
  -1.2670468e+01
   1.6731775e+01
   8.6466511e+00
  -1.3041333e+01
   1.7773738e+01
  -9.1261420e+00
  -8.7479680e+00
   2.3762586e+01
  -8.0642682e+00
   8.3796862e+00
  -2.6997984e+01
   8.6651755e+00
  -3.9858862e-01
  -5.7075799e+00
  -2.6144162e+01
  -8.7911285e+00
  -2.4154433e+01
   1.4737257e+01
  -5.8265390e+00
   7.9799004e+00
  -2.2846008e+01
   4.1279062e+00
  -2.8699200e+01
   4.8107240e+00
   2.2528889e+01
  -2.1526621e+01
   6.5097977e+00
   2.5290278e+01
  -7.0899124e+00
   8.9948964e+00
   5.4472308e+00
   6.6513767e+00
  -7.0217378e+00
   9.0346544e+00
  -5.2660198e+00
  -2.0095205e+01
   2.1382333e+01
   5.6400353e+00
   2.5421335e+01
   1.6667255e+01
  -1.1894840e+01
   7.6605129e+00
  -1.8793145e+01
  -4.5371432e+00
   5.2779913e+00
  -2.0679163e+01
  -6.6429337e+00
   1.5998992e+01
   3.3066599e+01
  -4.0125386e+00
  -4.2096276e+00
   6.4992754e-01
   6.8354231e+00
  -1.2139122e+01
   4.1947577e+00
  -4.7557180e+00
  -9.7750614e-01
   2.0641547e+01
  -1.7426249e+01
  -1.3116376e+01
   1.0152227e+01
   7.2142272e+00
   1.6514397e+00
  -9.6023565e+00
  -1.0031252e+01
   7.1257640e+00
   4.2804486e+00
  -2.2149833e+00
  -2.2178817e-02
  -7.8209313e+00
  -5.1984122e+00
  -5.8433621e-01
  -1.0560897e+01
  -2.9577846e+00
   1.4208304e-01
  -2.5486926e+01
  -2.6258900e+01
  -2.0591771e+01
  -2.3589629e+01
   1.8028480e+00
  -8.7170311e+00
   2.1402558e+00
  -5.7712179e+00
   1.0985193e+01
   7.2534182e+00
  -5.9864533e+00
  -2.6549367e+01
  -5.4718669e+00
  -2.1544893e+01
  -4.2121731e+01
  -1.9775692e+00
  -1.6478042e+01
   6.2725096e+00
   1.5923634e+01
  -6.2891437e+00
  -1.8272573e+01
  -2.9873984e+00
  -8.9504757e+00
   1.4428895e+01
   1.2727490e+01
  -2.1284733e+01
  -3.8664860e+00
  -5.9077563e+00
   2.5386554e+00
   1.0607712e+01
  -8.9580997e+00
   2.3998551e+01
   8.4336211e+00
  -2.5770651e+01
   1.1692080e+01
  -8.4921555e+00
  -9.3675257e+00
  -1.1199168e+01
  -1.4209439e+01
  -7.9793334e-01
  -1.5195955e+01
  -6.2650747e+00
   8.9509798e+00
   1.0640791e+00
  -3.5890618e+00
   4.1747842e+00
   7.7928297e-01
  -6.1079327e+00
  -7.1918594e+00
   5.1458635e+00
   1.1634617e+01
  -3.1960809e+00
  -4.4744503e+00
  -7.5367652e+00
  -2.9060110e+01
   1.8932140e+01
   2.8946506e+00
  -2.2897738e+00
   4.2375402e+00
   3.8647218e+00
  -7.1501481e-01
   4.8251528e-01
  -2.2371054e+01
   1.4227837e+01
  -1.3518871e+01
  -1.0545712e+01
   1.9568017e+01
  -5.0136097e+00
  -3.9528700e+00
   2.4009577e+01
  -2.9156323e+00
   2.3789175e+01
  -4.6412324e+00
   8.3456619e+00
  -9.0681117e-01
   1.5640980e+01
   3.8607523e+00
   1.5252788e+01
   1.7814378e+01
  -3.6065780e-01
  -9.2081784e+00
   9.7580493e+00
   2.4267784e+01
   2.0881419e+01
   3.1693025e-01
  -9.8955957e+00
   9.4196963e+00
   1.7508349e+01
   1.1432676e+01
   4.1749795e+01
   1.5237792e+01
   4.3944364e+01
   6.7892697e+01
   6.2181904e+01
   2.8175729e+01
   8.3925525e+01
   7.4575389e+01
   1.3453727e+02
   1.4184343e+02
   1.5755775e+02
   1.8697625e+02
   2.0851673e+02
   3.4123143e+02
   6.4665465e+02
   1.8775649e+03
   6.9618422e+03
   2.4401509e+04
   5.6943194e+04
   7.2653498e+04
   4.9599439e+04
   2.1803276e+04
   6.9896000e+03
   2.1622696e+03
   9.4938107e+02
   6.6018373e+02
   5.9877601e+02
   5.6662813e+02
   5.7909747e+02
   6.2938655e+02
   6.7833149e+02
   7.2229179e+02
   7.5343324e+02
   7.5703195e+02
   7.8527610e+02
   7.9988230e+02
   7.9928070e+02
   8.6244521e+02
   9.0166196e+02
   9.5293321e+02
   9.9577153e+02
   1.0859643e+03
   1.2067381e+03
   1.3551068e+03
   1.6283292e+03
   1.8743034e+03
   2.1646694e+03
   2.5356121e+03
   2.7811242e+03
   3.0094363e+03
   3.0605848e+03
   2.9692266e+03
   2.7400861e+03
   2.5042449e+03
   2.3618969e+03
   2.2412973e+03
   2.1958728e+03
   2.1612141e+03
   2.1978949e+03
   2.1071992e+03
   2.0709992e+03
   2.0709916e+03
   2.0120627e+03
   1.9273959e+03
   1.9042586e+03
   1.8668003e+03
   1.8790083e+03
   1.8605778e+03
   1.8427151e+03
   1.8314132e+03
   1.7644661e+03
   1.7629370e+03
   1.6778982e+03
   1.6440724e+03
   1.5423323e+03
   1.4530582e+03
   1.4174721e+03
   1.3858243e+03
   1.3383761e+03
   1.3150123e+03
   1.2596554e+03
   1.2664921e+03
   1.2388144e+03
   1.2700942e+03
   1.2551062e+03
   1.2544709e+03
   1.2594635e+03
   1.2563733e+03
   1.2699432e+03
   1.2611652e+03
   1.2730963e+03
   1.2358973e+03
   1.2289142e+03
   1.2276537e+03
   1.1851380e+03
   1.2176652e+03
   1.1736711e+03
   1.1653993e+03
   1.1631017e+03
   1.1379450e+03
   1.0975192e+03
   1.0997803e+03
   1.1062595e+03
   1.0432212e+03
   1.0788612e+03
   1.0343642e+03
   1.0447729e+03
   1.0066826e+03
   1.0563811e+03
   1.0498166e+03
   1.0351171e+03
   9.9611814e+02
   1.0344773e+03
   1.0281656e+03
   1.0272234e+03
   1.0241396e+03
   1.0087592e+03
   1.0222737e+03
   1.0098412e+03
   9.9258005e+02
   9.9829425e+02
   9.7698009e+02
   9.7215784e+02
   9.4761874e+02
   9.6243331e+02
   9.3953393e+02
   9.3323212e+02
   9.2937408e+02
   9.4562737e+02
   9.0596667e+02
   8.7611134e+02
   9.0367608e+02
   8.8778766e+02
   8.8021763e+02
   8.4206408e+02
   8.4004801e+02
   8.3510907e+02
   8.4917182e+02
   8.4369599e+02
   8.3314908e+02
   8.2836935e+02
   8.1929179e+02
   8.3377998e+02
   8.0881665e+02
   8.0569088e+02
   8.0258849e+02
   8.1560557e+02
   7.7997719e+02
   7.7819451e+02
   7.9493813e+02
   7.9398860e+02
   8.0147848e+02
   7.5577632e+02
   7.7157715e+02
   7.6200050e+02
   7.6324901e+02
   7.2354773e+02
   7.3874242e+02
   7.0699055e+02
   7.1445422e+02
   7.2658585e+02
   7.1438221e+02
   7.0955308e+02
   6.9425380e+02
   7.0364986e+02
   6.8651994e+02
   6.8824321e+02
   6.7612658e+02
   6.6972957e+02
   6.5901997e+02
   6.6848459e+02
   6.5413918e+02
   6.4811039e+02
   6.5514366e+02
   6.3116325e+02
   6.4920188e+02
   6.2180568e+02
   5.9966599e+02
   6.2986182e+02
   6.1118071e+02
   6.1959505e+02
   6.0090290e+02
   6.0243992e+02
   5.9273877e+02
   5.9156833e+02
   5.7166644e+02
   5.9752593e+02
   5.4705885e+02
   5.6430263e+02
   5.4321889e+02
   5.3380694e+02
   5.2036507e+02
   5.6322878e+02
   5.3226501e+02
   5.6226501e+02
   5.0254073e+02
   5.1620503e+02
   4.9279869e+02
   4.8776038e+02
   4.8134547e+02
   4.7714801e+02
   4.5753677e+02
   5.0144874e+02
   4.6533407e+02
   4.7432090e+02
   4.4417018e+02
   4.8177922e+02
   4.5261886e+02
   4.5408430e+02
   4.2161093e+02
   4.1936759e+02
   4.3040136e+02
   4.1539015e+02
   4.0204814e+02
   4.2848951e+02
   4.0604152e+02
   4.2064186e+02
   3.9401777e+02
   3.9509892e+02
   3.9247886e+02
   3.6612249e+02
   3.9133646e+02
   3.7108777e+02
   3.6775755e+02
   3.2658856e+02
   3.7499855e+02
   3.3625499e+02
   3.3204820e+02
   3.4645227e+02
   3.3914152e+02
   3.2390133e+02
   3.1887499e+02
   3.3018978e+02
   3.2510132e+02
   3.1730609e+02
   3.0308034e+02
   3.2005009e+02
   3.1569183e+02
   3.0692603e+02
   3.1843324e+02
   2.9074286e+02
   2.7898923e+02
   3.0252769e+02
   2.9723338e+02
   2.8228291e+02
   2.7550885e+02
   3.0131296e+02
   2.7937087e+02
   2.8753866e+02
   2.5260381e+02
   2.4635644e+02
   2.6309445e+02
   2.7707372e+02
   2.6184550e+02
   2.3448674e+02
   2.6215015e+02
   2.4957690e+02
   2.4664243e+02
   2.4960204e+02
   2.4689182e+02
   2.3138214e+02
   2.2183706e+02
   2.3304902e+02
   2.4564602e+02
   2.2979151e+02
   1.9281085e+02
   2.3424063e+02
   2.1270222e+02
   2.3983416e+02
   2.1467916e+02
   2.1561408e+02
   2.4290939e+02
   1.9712854e+02
   2.0314945e+02
   2.1487222e+02
   2.1158818e+02
   1.9521542e+02
   1.9934245e+02
   2.0237200e+02
   1.9257690e+02
   2.0409193e+02
   1.7947395e+02
   1.8809016e+02
   1.7644780e+02
   1.7062170e+02
   1.7218310e+02
   1.7030011e+02
   1.8103106e+02
   1.6404637e+02
   1.8032808e+02
   1.7582414e+02
   1.8232279e+02
   1.8760248e+02
   1.7629715e+02
   1.4900491e+02
   1.7018102e+02
   1.8526621e+02
   1.6398185e+02
   1.6238895e+02
   1.5949940e+02
   1.5425865e+02
   1.6932544e+02
   1.6622374e+02
   1.4815853e+02
   1.6669844e+02
   1.4860481e+02
   1.5883347e+02
   1.3963481e+02
   1.8321429e+02
   1.3270556e+02
   1.4158906e+02
   1.4712305e+02
   1.1783145e+02
   1.3166076e+02
   1.3804341e+02
   1.2631592e+02
   1.3963304e+02
   1.4419980e+02
   1.3176744e+02
   1.1841220e+02
   1.3654395e+02
   1.5039859e+02
   1.3926539e+02
   1.2739065e+02
   1.0982937e+02
   1.1273713e+02
   1.1784777e+02
   9.3000189e+01
   1.1184090e+02
   9.5283473e+01
   1.1443192e+02
   1.3152372e+02
   1.0541478e+02
   1.1400170e+02
   8.5407662e+01
   1.0202136e+02
   1.4548863e+02
   1.1644572e+02
   1.1841812e+02
   1.2411411e+02
   1.0480562e+02
   1.2561597e+02
   1.1001934e+02
   1.0728335e+02
   1.1531725e+02
   1.1880852e+02
   1.1000807e+02
   1.1806521e+02
   1.2451043e+02
   1.1762220e+02
   9.2201059e+01
   9.3046500e+01
   8.4469158e+01
   9.2881293e+01
   1.0144036e+02
   9.0810598e+01
   8.4869195e+01
   1.0443715e+02
   1.0409899e+02
   7.4696932e+01
   9.2278432e+01
   8.5738895e+01
   8.2600277e+01
   8.0732027e+01
   9.2516288e+01
   9.5401298e+01
   9.4309243e+01
   6.8004978e+01
   8.7603491e+01
   7.8619558e+01
   8.7635499e+01
   7.8308172e+01
   1.0413654e+02
   1.0471054e+02
   8.2145675e+01
   8.2298847e+01
   9.6990108e+01
   8.9439922e+01
   5.7815261e+01
   7.0386491e+01
   7.2863084e+01
   8.8469473e+01
   7.0096276e+01
   6.2127906e+01
   9.0232184e+01
   8.7927478e+01
   9.9218890e+01
   9.0285426e+01
   6.6292861e+01
   8.3622708e+01
   7.0280323e+01
   6.8368912e+01
   4.3977191e+01
   5.8648037e+01
   7.5281646e+01
   7.8064079e+01
   5.0617226e+01
   6.6837250e+01
   9.4655031e+01
   7.8834100e+01
   6.6127717e+01
   5.8516162e+01
   5.5353223e+01
   6.9362989e+01
   6.4191985e+01
   7.5077311e+01
   7.2284922e+01
   6.3728309e+01
   4.7779724e+01
   4.3043980e+01
   7.6186378e+01
   8.6392414e+01
   5.8318757e+01
   7.3174469e+01
   5.8294184e+01
   3.2011089e+01
   7.0255371e+01
   7.0163632e+01
   4.6448239e+01
   5.2000504e+01
   6.6248441e+01
   6.6710919e+01
   6.0099490e+01
   5.7584777e+01
   3.0233445e+01
   5.7636696e+01
   6.9556172e+01
   3.0904858e+01
   5.1748787e+01
   3.7179888e+01
   3.5663033e+01
   7.0352026e+01
   5.5774368e+01
   3.9600340e+01
   4.8998803e+01
   5.9338227e+01
   5.7853821e+01
   5.8245794e+01
   6.1015941e+01
   4.1845441e+01
   3.7421776e+01
   3.7994266e+01
   5.2841661e+01
   6.7180455e+01
   2.7027850e+01
   5.0655094e+01
   3.4232184e+01
   4.3646651e+01
   5.7441119e+01
   5.8641673e+01
   5.2283410e+01
   4.3874299e+01
   2.9859933e+01
   5.0090290e+01
   5.0401172e+01
   6.2976561e+01
   5.3020352e+01
   4.9061748e+01
   3.3419255e+01
   6.4323924e+01
   4.2434314e+01
   3.7444395e+01
   4.9878521e+01
   3.8952303e+01
   3.0274274e+01
   4.8994833e+01
   3.2715141e+01
   4.6745700e+01
   4.9028984e+01
   2.9987020e+01
   3.7598639e+01
   3.4008128e+01
   5.8918342e+01
   3.2928297e+01
   7.4125512e+01
   3.4386302e+01
   1.7451389e+01
   5.0197656e+01
   3.2237351e+01
   2.5112217e+01
   3.5681999e+01
   7.8335707e+01
   4.8113036e+01
   2.6957785e+01
   2.7823515e+01
   3.4259782e+01
   9.4933527e+00
   2.1709407e+01
   4.2021297e+01
   4.2755025e+01
   1.8781362e+01
   1.5875874e+01
   4.6276794e+01
   3.8372629e+01
   3.9238422e+01
   2.2968937e+01
   3.5084053e+01
   2.4201311e+01
   3.2218764e+01
   2.8190410e+01
   1.1248504e+01
   3.1891500e+01
   4.3922059e+01
   2.0611808e+01
   1.4674249e+01
   1.9426753e+01
   2.4913742e+01
   2.2903976e+01
   2.7993825e+01
   5.0361918e+01
   1.7729381e+01
   3.9971268e+01
   3.8074475e+01
   4.5776196e+01
   2.4090542e+01
   1.1298406e+01
   1.3800643e+00
   2.5905866e+01
   3.5080524e+01
   7.8966039e+00
   3.1931069e+01
   2.8874299e+01
   2.6935291e+01
   2.7606956e+01
   2.9097473e+01
   1.9527251e+01
   1.7222355e+01
   4.1307920e+01
   3.5371810e+01
   3.0464495e+01
   4.9113981e+01
   2.2325436e+01
   4.0461345e+01
   1.0106294e+01
   3.5369605e+01
   2.0324995e+01
   2.1615525e+01
   2.1576334e+01
  -5.8615714e+00
   4.1613698e+01
   1.7215928e+01
   3.7515027e+01
   3.1559448e+01
   4.1283095e+01
   2.5814945e+01
   1.9478609e+01
   2.6520824e+01
   3.5439481e+01
   5.3005608e+01
   1.5965157e+01
   1.8221221e+01
   4.3888917e+01
   2.3894399e+01
   7.8615714e+00
   1.9524983e+01
   1.0877386e+01
   5.2125953e+01
   1.6808960e+01
   2.9756285e+01
   3.4490580e+01
   2.6248567e+01
   4.0392036e+01
   2.2874047e+01
   1.9941529e+01
   3.3517422e+01
   2.6733854e+01
   1.8645202e+01
   2.9422217e+01
   1.7787600e+01
   1.2780669e+01
   1.0336715e+01
   2.9358263e+01
   2.2462038e+01
   1.8906055e+01
   1.9093441e+01
   2.7155819e+01
   1.7869195e+01
   2.5251024e+01
   4.0623527e+01
   3.6466826e+01
   1.6219016e+01
   1.5753261e+00
   3.9592842e+01
   1.9110201e+01
   1.2899817e+01
   9.6685779e+00
   3.0708021e+01
   2.2195136e+01
   1.7661584e+01
   1.3764098e+00
   9.3378489e+00
   4.1976750e+01
   1.9961250e+01
   1.5168042e+01
   1.5284481e+01
   2.5809905e+01
   8.6319703e+00
   2.4300800e+01
   2.5466889e+01
   1.4798815e+01
   2.8176926e+01
   9.1943167e+00
   2.9704934e+01
  -2.6695230e+00
   7.1182660e+00
   1.6851364e+01
   1.9967236e+00
   1.4806691e+01
   9.8186000e+00
   4.1527377e+01
   1.6823704e+01
   6.3456619e+00
   2.5562409e+01
   1.2731208e+01
   3.1592842e+00
   1.7924012e+01
  -3.8086447e+00
  -7.0427194e+00
   8.5580619e+00
   1.6952114e+01
   1.9251339e+01
   1.2076618e+01
   1.8042341e+00
   5.3487493e-01
   3.4150715e+01
   4.1180896e+01
   5.5176107e+00
   3.1128788e+01
   3.1835801e+01
   3.0972718e+01
   2.3224056e+01
   1.7867998e+01
   2.4630899e+01
   1.2766366e+01
   1.4001827e+01
   1.0796421e+00
   1.2255939e+01
   2.3894399e+01
   2.7294688e+01
   3.9389768e+01
  -3.3532229e+00
   2.6518430e+01
   5.8691954e-01
   4.7780228e+00
   2.2405583e+01
   9.0295508e+00
   2.4684897e+01
  -5.7850797e+00
   2.2845441e+00
   1.0603932e+01
  -8.4494361e+00
   1.0366896e+01
   3.7311638e+01
   2.9025014e+01
   4.8765673e+00
   3.1689497e+01
   2.9831580e+01
   5.9068742e+00
   2.0872220e+01
   1.5776574e+00
   6.2012476e-01
   4.2531409e+01
   1.0770273e+01
  -7.0074349e+00
   8.6440678e+00
   8.8605633e+00
   1.1604121e+01
   4.9177115e+00
   6.9687480e+00
   1.2352215e+01
   1.1120597e+01
   1.2351018e+01
   2.2975553e+01
  -4.6368219e+00
   1.2477412e+01
   1.2128914e+01
   1.2644131e+01
  -4.2445341e+00
   4.8037301e+00
   1.9381892e+01
  -1.9473253e+00
   1.5218575e+01
   5.5137672e+00
   1.7108374e+01
   1.2816332e+01
  -4.8545145e+00
   2.6382018e+01
   7.7310818e-01
   1.4597253e+01
   2.0573688e+01
   1.5545145e+01
   1.0931006e+01
   1.8901834e+01
   9.8834982e+00
   7.4232878e+00
   2.6378174e+01
   1.7582635e+01
   1.2428265e+01
   6.5859744e+00
   3.4678974e+00
  -1.9611430e+01
   2.5740533e+01
   5.8530023e+00
  -6.5329847e+00
   8.2554974e+00
   2.9611745e+01
   2.2311134e+00
   1.4017201e+01
   1.0759183e+01
   8.7251591e+00
   7.1092559e+00
   5.9689371e+00
  -3.0231239e+00
   1.4496881e+00
   2.1065087e+01
  -1.3747338e+01
   2.1489194e+01
   4.2452271e+00
   1.9485855e+00
   1.6053872e+01
  -7.2045870e+00
  -2.7453847e+00
   3.4723080e+00
  -1.2179447e+00
   4.0255812e+00
  -5.6337975e+00
  -7.4331800e+00
   7.9342827e+00
   3.7760696e+00
  -1.6469788e+01
   1.7844811e+01
   2.8645139e+01
   1.3731271e+01
   3.3473001e+00
   8.9971016e+00
   1.4715330e+01
  -7.3033205e+00
   1.5878143e+01
   2.4099931e+01
   4.5706005e+00
   1.9079390e+01
   1.9106421e+01
   2.0941970e+00
   3.5143658e+01
   1.6815765e+01
   3.0375528e+01
   2.1051793e+01
   1.1633293e+01
   1.0079579e+01
  -5.4125134e+00
   4.7463298e+00
   2.2473568e+01
   1.1514523e+01
  -3.6236532e+00
   1.8360532e+01
  -1.3706383e+01
   1.3511058e+01
  -1.3949720e+01
   1.0386302e+01
   9.4614706e+00
   1.0531536e+01
   1.1513389e+01
   4.3615714e+01
   5.6031756e+00
   1.6420578e+01
  -1.7464117e+01
  -3.0442946e+00
   1.1162813e+01
   1.9521391e+01
   3.1672862e+00
   2.8524227e+01
  -1.3258333e+01
   1.0505450e+01
   1.6655787e+01
   2.0921492e+01
   1.5532733e+00
   3.3142209e-02
   1.4167727e+01
  -6.9870204e+00
   2.6681999e+00
  -1.7263121e+01
  -9.2350829e-01
   1.3858421e+01
   9.8933275e+00
  -5.1433432e+00
   7.7211896e+00
  -1.5101884e+01
   3.4542877e+00
   1.5780354e+01
  -1.2468023e+00
   6.4357633e+00
   8.3145990e+00
  -7.5254237e+00
  -2.8447483e+00
  -5.3476151e+00
   1.9278117e+01
   1.3787411e+00
   5.1538025e+00
  -1.3927919e+00
  -8.8556487e+00
   3.1319829e+01
   1.3653771e+01
   8.0645832e+00
   1.6481885e+01
  -3.4850986e+00
   2.3563544e+01
  -1.4722387e+01
   1.8897990e+00
  -6.5805557e-01
   8.9942663e+00
   1.1942789e+01
   1.8571420e+01
   2.0239997e+01
   1.9919161e+01
   5.6951043e+00
   1.1013106e+01
   7.1677273e+00
   1.1420011e+01
   2.6627182e-01
  -1.6226451e+00
   3.6798500e+01
   3.9465062e+00
   1.3250331e+01
   9.7354294e+00
   3.1033772e+01
  -4.3091173e-01
   2.8307920e+01
  -3.8157016e+00
  -1.0292861e+01
   1.7193939e+01
  -2.1808267e+01
  -1.3011593e+01
  -1.3438221e+01
   1.3395438e+01
   8.6884884e+00
   3.2515027e+01
   1.9296138e+01
   2.5024258e+01
   4.9883435e-01
   2.0340936e+01
   1.1702728e+01
   1.3589062e+01
  -3.7021612e+00
  -5.3613509e-01
   2.5965409e+01
   1.7598513e+01
   1.2994770e+00
   9.2835360e+00
   1.2375024e+01
   9.5029929e+00
   1.2388507e+01
   1.1787474e+01
   4.9055510e+00
   2.3157772e+01
  -8.3788671e+00
   2.1376410e+01
   3.4095835e+01
   1.8206792e+01
   2.1891815e+01
   2.2834919e+01
  -2.9632663e+00
   1.7365509e+01
   1.2203012e+01
   4.5132002e+00
   2.5776574e+01
   1.7493668e+01
   9.7882931e+00
   1.0567639e+01
  -1.1099490e+01
   1.0053809e+01
   2.8550816e+01
   2.0315670e+00
   5.9913049e+00
  -3.4353853e+00
   1.8881041e+01
   1.0083360e+01
   2.9024006e+00
  -3.8940835e+00
   2.6080839e+01
   1.6951106e+01
   2.0213030e+01
   4.1005608e-01
   2.5930313e+00
   1.5189969e+01
  -4.6262365e+00
   2.2696742e+00
  -3.4899502e+00
   2.6368786e+01
   7.1393107e+00
   2.3402747e+01
   2.8858547e+01
   8.5974419e+00
   1.1373763e+01
  -6.7292546e-02
   2.0178187e+01
   8.3518367e+00
   1.5029362e+01
   8.4138366e+00
   1.2795413e+01
   3.2030118e+00
   3.8727868e+00
   1.6212967e+01
   8.8194191e+00
   1.1240313e+01
   6.3953122e+00
   2.4066284e+01
   4.9270367e+00
   2.7325499e+01
   3.4144036e+00
   4.5540924e+00
   1.6518871e+01
  -5.5356310e+00
   2.1726230e+01
   6.7021612e+00
   1.7970071e+01
   1.5286686e+01
   9.6932770e+00
  -2.3094323e+00
   9.0369227e+00
   7.7553399e+00
   8.2186378e+00
   7.6394052e+00
   1.5321278e+01
   6.6071451e+00
   2.0596245e+01
   1.1782748e+01
   2.9810346e+00
   1.1590511e+01
   1.7570600e+01
   1.9570411e+01
   1.6016319e+01
  -4.7637830e+00
   4.9636444e+00
   5.9555164e-01
   1.7555479e+01
   1.7707769e+01
   1.5416798e+01
   1.1275786e+01
   2.9286119e+00
   1.0760318e+01
   7.3704871e+00
  -1.7604436e-01
   1.2962321e+01
  -4.2820238e+00
   8.7451956e+00
   2.1225884e+01
   1.3698381e+01
   1.0919035e+01
   2.4767122e+01
   3.4423288e+01
  -1.8131183e+00
   1.4029236e+01
   9.0847458e+00
   2.7249575e+01
   2.0538340e+01
   2.0925777e+01
   1.0225002e+01
   1.5945435e+01
  -3.6152731e+00
   2.7278684e+00
  -2.3735114e-01
   2.0635121e+00
   1.0143154e+01
   5.1105160e+00
   1.3627245e+01
   2.4398148e+01
   5.4958100e+00
   4.4647470e-01
   2.2183416e+01
   8.9405204e+00
   1.6431920e+01
   1.1066662e+01
   1.3799067e+01
   6.9924390e+00
   1.4542436e+01
   5.2262617e+00
   1.5860500e+01
   1.2185748e+01
   6.3770399e+00
   6.8017138e+00
   5.2406276e+00
   1.5231554e+01
   1.9846197e+01
   4.2606641e+00
   5.7800391e+00
   1.5696364e+01
   1.6621763e+01
   1.6706635e+01
   9.0206036e+00
   1.0524101e+01
   8.2868754e+00
   1.2563481e+01
   4.8547035e+00
   9.6142650e+00
  -2.2916010e+00
   2.0946506e+01
   1.6388129e+01
  -2.0766177e+00
   1.6550501e+01
   1.6819860e+01
   3.4424044e+01
   1.0739966e+01
  -7.6340495e-01
   1.0297083e+01
   4.4792389e+00
   2.0270178e+01
  -2.5792326e+00
   2.3382900e+01
   2.3993951e+01
   1.2950476e+01
  -7.8444963e-02
   1.7237162e+01
   1.2890807e+01
   4.4569970e+00
   2.2809842e+01
   6.9887846e+00
   2.0691702e+01
   9.6152731e+00
  -3.9128599e+00
   2.4041963e+00
  -2.9046689e-01
   1.2461849e+01
   3.5188772e+01
   1.0425178e+01
   1.1799761e+01
   1.3117384e+01
   5.8681243e+00
   1.6774116e+01
   2.2418562e+01
   9.6820616e+00
   5.7871590e+00
   1.7494676e+01
   1.3947514e+01
   2.6550564e+01
   2.9753828e+01
  -2.2076744e+00
   2.0960998e+01
   2.6143217e+01
   9.8628316e+00
   1.8284985e+01
   9.7542058e+00
   9.8074475e+00
   2.1615966e+01
   2.1715204e+01
   1.6588999e+01
   1.7287695e+01
   1.2923571e+00
   1.4677021e+01
   1.1254489e+01
   2.2553273e+01
   9.2921681e+00
   1.6973474e+01
   2.4370172e+01
   1.8293113e+01
   8.5632915e+00
   2.4593787e+01
   1.6141201e+01
   1.5909647e+01
   7.7266713e-01
   9.9114738e+00
   5.0824145e+00
   1.4069939e+01
   1.9873354e+01
   2.2370802e+01
   1.4082225e+01
   9.9859492e+00
   2.1701153e+01
   3.6407536e+01
  -3.3949972e+00
   2.2018146e+00
  -5.2989730e+00
   2.5815009e+01
   1.2031000e+01
   1.6283410e+01
   1.1615336e+01
   1.3242707e+01
   8.8470796e+00
   1.3157205e+01
   1.4814756e+01
   1.5883687e+00
  -1.5363241e+00
   2.4492219e+01
   5.7460147e+00
   1.2031945e+01
   1.1399093e+01
   2.5405204e+01
  -1.9266650e+01
   7.6810535e+00
   2.3899502e+01
   2.0598954e+01
   1.1566505e+01
   1.9601663e+01
   9.2809527e+00
  -1.9161994e+00
   9.4942348e+00
  -1.2327390e+01
   2.4567513e+01
   1.4370487e+01
   2.5011026e+01
   1.8967551e+01
   2.1875685e+01
  -4.2026337e-02
   3.0476908e+01
   3.7736690e+01
   2.2447672e+01
   2.5644068e+01
   1.7416735e+01
   6.3471741e+00
   2.2743620e+01
   2.2057211e+00
   1.1303131e+01
   2.1223930e+01
   2.6534308e+01
   1.3902905e+01
  -1.9359209e+00
   9.6335455e+00
   2.8368345e+01
   2.0507214e+00
   1.7247054e+01
   1.0359776e+01
  -7.6315292e-01
   6.7393359e-01
   2.4508853e+00
   1.1843425e+01
   4.3823326e+00
   1.5646462e+01
   2.9366076e+01
  -4.1100750e+00
   1.6904795e+01
  -1.6732405e+00
   3.6818852e+01
   8.5304014e+00
  -3.9306282e+00
   8.1697436e+00
  -2.7729192e+00
   8.9081973e+00
   1.5238359e+01
   7.1470607e+00
   1.7825909e+01
   5.2543633e+00
   1.2123874e+01
   1.4993195e+01
   2.8383152e+01
   1.9927415e+01
   1.2187449e+01
   2.9364564e+01
   5.3234201e+00
   5.5132002e+00
  -6.3990927e-01
   2.4926974e+01
   1.6775881e+01
   1.5672043e+01
  -8.5526432e+00
   8.1725159e+00
   1.7785773e+01
   8.3377229e+00
   4.7535757e+00
  -6.9839960e+00
  -1.6632852e+00
   9.4382207e+00
   1.0334068e+01
   2.0119652e+01
   9.4819482e+00
   2.9637830e+01
   8.7433054e+00
   2.0676769e+01
   7.8516162e+00
   2.2167853e+01
   1.1341944e+01
   1.0693655e+01
   3.4472938e+00
  -1.4971142e+01
   7.6972466e+00
  -8.1994833e+00
  -4.9005104e+00
   2.1268918e+01
  -2.2295382e+00
   1.9337345e+01
   1.6302879e+01
   2.2830697e+01
   8.2034528e+00
   1.9285300e+01
   5.2573247e+00
   6.3154811e+00
   1.7293491e+01
   9.1817151e+00
  -2.1548737e-01
   2.8158906e+01
   6.2833470e+00
  -7.3574444e-01
  -6.9240123e+00
   1.6313843e+01
  -4.4511373e+00
  -1.4836305e+01
   8.4101191e+00
   2.5349883e+01
  -3.1665301e+00
   1.8356121e+00
   2.3891122e+01
   1.1966606e+01
   8.4725600e+00
   1.6441434e+01
  -7.0750425e+00
   1.0736249e+01
   8.9740407e+00
   7.6692710e+00
   3.2984059e+00
   3.2491966e+00
   1.8346418e+01
   1.8787537e+01
   2.8825216e+01
   2.1934157e+01
   2.5981665e+01
   2.3625417e+01
   1.0169050e+01
  -3.9926911e+00
   1.3583454e+01
   1.7805998e+01
  -8.1423981e+00
   9.7811102e+00
   5.2447231e+00
   8.3011782e+00
   1.6306912e+01
   1.4087581e+01
   1.2635562e+01
   1.2328902e+01
   9.4161048e+00
   1.0232815e+01
  -1.2803289e+01
   1.9726167e+01
   2.6249134e-01
   1.6129544e+01
   1.0900825e+01
   5.3092433e+00
   7.7494802e+00
   7.4412450e+00
   2.4120912e+01
   2.9232563e+01
   1.9437087e+01
   2.7487682e+01
  -2.7918846e+00
   1.0088274e+01
   1.3181715e+01
   3.5272510e+00
   2.3324869e+01
   1.4679604e+00
   1.0066788e+00
   1.3513389e+01
   1.5163128e+01
   7.6352467e+00
  -8.5625985e+00
   1.9100498e+01
   8.5961817e+00
  -5.9472623e+00
  -6.6923949e+00
   1.1330414e+01
   8.8682503e+00
   2.1289963e+01
   8.6942222e+00
   7.9143091e+00
   1.2116880e+01
   2.2245920e+01
   7.9477664e+00
   3.6204398e+00
   1.8786844e+01
   1.8717787e+00
  -1.5656228e+00
   7.1812110e+00
   3.3612879e+00
   2.1243652e+01
   7.6198097e+00
   4.8790246e+00
   8.2927982e+00
   1.3236910e+01
   4.8126142e+00
   1.9080209e+01
   9.7852057e+00
   1.9991053e+01
   1.7118014e+01
  -8.7588684e+00
  -2.1818033e+01
  -2.3522903e+01
   9.9587298e+00
   1.2040640e+01
  -5.2471174e+00
   1.2071577e+01
   6.7782118e+00
   5.8938315e+00
   1.3750173e+01
   1.3310440e+01
   2.0407662e+00
   2.2316552e+01
   1.6762649e+00
   1.5072585e+01
   2.0333312e+01
  -1.3802533e+00
   1.1618550e+01
   1.8811669e+00
  -9.9880285e-01
   1.0391532e+01
   3.8585470e+00
  -5.6779031e+00
   1.6272888e+01
   1.6261672e+01
   7.0270934e+00
   5.5753261e+00
  -6.6594417e+00
   3.3406843e-01
   1.2045303e+01
   8.7307038e+00
   2.3696490e+01
   6.0977254e+00
   2.1621700e+01
  -7.0285426e+00
   2.1431605e+01
   6.0071829e+00
   1.6429778e+01
  -5.9473883e+00
  -4.2682881e+00
   5.7495432e+00
   7.1502741e+00
  -1.1389011e+01
  -2.1119274e+01
   9.2473064e+00
   1.2880411e+01
   1.2738580e+01
   1.9295760e+01
   2.3062567e+01
   9.8423540e+00
   1.5710793e+01
   7.3904606e+00
   5.1009388e+00
   3.0984185e+00
  -4.0747275e-01
   1.0449751e+01
   1.5969504e+01
   8.2952555e+00
   2.8435511e-01
  -4.5252347e-01
   7.1609854e+00
   2.9931258e+01
   2.0626678e+01
   2.8468212e+01
  -8.0597946e+00
   1.8305841e+01
  -1.2630836e+01
   1.1293554e+01
   1.8815450e+01
   1.8282780e+01
  -3.0790750e+00
  -1.7657993e+00
   2.6897486e+01
  -4.2479365e+00
   2.4668452e+01
   5.3268225e+00
   1.1197026e+01
   2.2327390e+01
  -1.1853695e+00
   1.1984752e+01
   9.2085565e+00
   2.4413711e+00
  -1.9341566e+00
   4.9018965e+00
   6.8382585e+00
   2.5936740e+01
  -1.9366644e+01
   6.0466889e+00
   3.1636318e+00
   1.2381072e+00
  -8.0367337e+00
  -2.4352593e-01
  -1.1457879e+01
  -7.7370676e+00
   1.1839708e+01
   3.8894210e+00
  -4.3675887e+00
   3.9179636e+00
   1.1155945e+01
  -1.2096906e+00
   1.8120030e+01
  -1.2956777e+01
   8.4800580e+00
   1.0289018e+01
  -1.2573877e+00
   8.6850860e+00
   3.1033646e+01
   1.0657615e+01
   7.8459454e+00
   1.1594417e+01
   2.3762712e+01
   5.2452271e+00
   2.9090795e+00
   1.4575830e+01
   1.3078508e+01
   4.6458320e+00
   1.9439292e+01
  -6.1873228e+00
  -4.3122046e+00
   7.7681306e+00
   2.0854010e+01
   1.8246109e+01
  -7.3246802e-01
  -1.5046311e+00
  -6.7106042e+00
  -5.1824082e-01
   7.5651188e+00
   1.3995904e+01
   7.1677903e-01
   1.8000630e+01
   1.6171823e+01
   3.2691702e+00
   2.5078256e+01
  -4.6613320e-01
   1.7225758e+00
   1.2972213e+01
   2.0700208e+01
   5.5260538e+00
   1.2308550e+01
  -2.2408796e+00
   3.7990675e+00
   1.7652007e+01
  -9.1665301e+00
   2.3701153e+01
  -8.4216495e-01
   1.8070695e+00
   4.4948648e+00
  -9.7084620e+00
   8.5180518e+00
   6.1267091e+00
  -3.2719425e+00
   3.4594544e+00
   1.1441119e+01
  -5.7198664e+00
   1.3373889e+01
  -1.6445719e+00
   7.7188583e+00
  -6.8464495e+00
  -8.7153298e+00
   1.7764224e+01
   4.6819356e+00
  -5.8844433e+00
  -8.4772226e+00
   2.9636444e+00
  -5.4273203e+00
  -1.0679037e+01
   1.3983303e+01
   2.0260097e+01
   6.1299225e+00
   1.7100246e+01
  -1.1935921e+01
   1.3750992e+01
   3.3248063e+00
  -5.0062378e+00
   1.8106673e+01
   1.8112154e+01
  -3.1206603e+00
   9.1829122e+00
   1.1982484e+01
   2.6886208e+01
   7.6687039e-01
  -4.3207737e+00
  -3.7249701e+00
   2.2490076e+00
   1.0432802e+01
   1.1734106e+01
   9.9005734e+00
   1.1556298e+01
   2.6808519e+01
  -9.6548422e+00
   1.0706887e+01
   1.2362107e+01
   1.5369794e+01
   3.2871275e+00
   2.0448302e+01
   1.2658119e+01
  -1.1537080e+01
   1.3572743e+01
   2.9882805e+00
   8.2761011e+00
   6.7972402e+00
   1.6093504e+00
   1.0505135e+01
  -7.3635562e+00
   3.2167475e+00
  -5.0571483e+00
   1.7483964e+01
  -6.3157961e+00
   1.1942474e+01
   1.8508538e+01
  -1.1690505e+00
   7.9402684e-01
   3.9152542e+00
   4.5720497e+00
   2.8705438e+01
   1.0751811e+01
   1.6039758e+01
   3.1080398e+01
   2.3057148e+00
   1.2478546e+01
   1.7678785e+00
   3.7086510e+00
   1.6434062e+01
   5.7782748e+00
   7.3276416e+00
   1.6527314e+01
   1.7030496e+01
   8.9376221e+00
   1.8682125e+01
   2.2357129e+00
  -3.1898809e+01
   3.2568836e-01
   1.9255560e+01
   9.6229601e+00
   3.9843992e+01
   2.6080272e+00
   1.0619999e+00
  -1.5546594e+00
   5.1072396e+00
   1.6536198e+01
   3.9786403e+00
   4.3796232e+00
   1.0980972e+01
   1.7810472e+00
  -8.9933842e+00
   1.2256002e+01
   2.1415979e+01
  -5.3152290e+00
   1.4827673e+01
   1.0424044e+00
  -2.3520887e-01
   6.6702791e+00
  -5.6959864e+00
  -1.4532229e+01
   2.6824712e+01
   3.9356688e+00
   1.4820868e+01
   9.2660828e+00
  -1.3827799e+01
   1.9422217e+00
  -2.1452776e+01
   2.6244156e+01
   1.8377103e+01
  -7.2074854e+00
   9.9549493e+00
  -2.2239934e+00
   1.5082099e+01
  -6.4847206e+00
   1.1195955e+01
   6.0926218e+00
  -1.3475206e+01
   2.0822885e+00
   1.8594480e+01
   5.0296138e+00
   1.0747905e+00
   2.4955264e+01
  -1.3089219e+01
   5.4631088e+00
   1.6398148e+01
  -6.1413900e+00
   1.9016445e+00
   1.0299288e+01
   1.1443072e+01
   1.6240628e+01
   7.8576019e+00
  -7.6052549e+00
   2.1569466e+01
   4.8327138e+00
   2.8569088e+00
   3.1509861e+01
   1.6377796e+01
   4.2950665e+00
   3.4103081e+00
   8.9361099e+00
   8.6274337e+00
   3.8287443e+00
   1.4852309e+01
   5.0000000e+00
   2.2798059e+01
   6.3316741e+00
   2.8310566e+01
   8.4796169e-01
   1.0988344e+01
  -1.5800517e+01
   3.5387814e+00
   8.0940079e-01
   6.1067356e-01
   3.4311449e+01
   2.3264445e+00
  -1.1072711e+01
  -7.2057841e+00
   1.6242896e+01
   1.6935354e+01
   2.1094512e+01
  -4.0337093e+00
   1.8312646e+00
   1.6661584e+01
  -1.2347489e+01
   2.2532796e+01
   2.2923949e+01
  -6.6636003e+00
   7.4317938e+00
   2.2912230e+00
   2.3079705e+01
   1.1980972e+01
   8.5454603e+00
  -1.8045051e+01
   2.2327957e+01
  -3.4420011e+00
  -2.9928801e-02
   4.2486296e-01
  -5.0631970e+00
   8.0628820e+00
   9.2958226e+00
   7.1438473e-01
   3.4435133e+00
  -2.0110138e+01
  -6.1711297e+00
   5.1127213e+00
   6.9577846e+00
   2.5024510e+01
  -1.6079012e+00
   2.9569907e+01
   1.0771848e+01
   1.0269800e+01
   1.8418625e+01
  -1.1017327e+01
   2.8290593e+00
  -4.2124000e+00
   2.0929998e+00
  -1.7536828e+01
   1.3753072e+01
   5.9640854e+00
   1.0308865e+01
  -2.3396131e+00
   2.7792011e+01
   9.0161300e+00
   1.2388633e+00
   2.4120093e+01
  -8.9811606e+00
   2.0003717e+01
  -2.8617163e+01
   1.9815828e+01
   1.8232437e+01
   2.3710541e+01
   2.1285048e+01
   2.2201815e+01
   2.5703484e+00
   1.4358642e+01
   2.3202004e+01
   7.3517737e+00
   9.2271438e+00
   1.1725915e+01
  -3.7480310e+00
  -5.7060047e+00
   3.6679604e+01
   1.9192174e+01
   1.8421650e+01
   1.5299918e+01
   1.1900195e+01
   2.1032008e+01
   1.1839141e+01
   6.6668767e-01
   4.1312457e+00
   9.5155315e+00
   1.4054754e+01
   1.4021486e+01
   9.9311323e+00
   1.1978577e+01
   2.2114549e+01
   1.0212211e+01
   6.6196837e+00
   2.1941907e+00
   2.5881167e+00
   1.1900069e+01
  -1.1217504e+01
   1.4060047e+01
   1.0873291e+01
   6.9200428e+00
   1.8294121e+01
   1.1473127e+01
   1.9003465e+01
  -1.3582005e+00
   1.4574003e+01
  -7.6396572e+00
   4.9577846e+00
   8.7536387e+00
   1.6762334e+01
   8.2483145e+00
   3.6419255e+00
  -1.1021423e+01
   1.6567261e+01
   3.0141327e+01
  -1.6573625e+00
  -2.4210825e+00
   2.3602483e+01
   5.3061559e+00
   7.5878017e+00
  -1.4036356e+01
  -1.8404511e+01
  -8.2020037e+00
  -1.5545334e+01
   1.2079579e+01
  -1.3857224e+01
   6.1418940e+00
   6.1657741e+00
   1.7384034e+01
  -1.2553336e+01
  -2.2020667e+00
   1.2766870e+01
   4.4700397e+00
   1.3910529e+01
   2.3186945e+00
   1.1249512e+01
   5.3536639e+00
  -9.1646399e+00
   2.7393359e+00
   1.8550564e+01
   1.7206918e+01
   3.7838826e+00
   1.8436330e+01
   1.5216432e+00
   6.6928360e+00
  -2.1822632e+01
   1.7415349e+01
   1.3899439e+01
   2.7399471e+01
  -3.5644257e+00
  -2.1165018e+01
   1.7878521e+00
   5.6814315e+00
  -7.3897045e+00
   2.0941844e+01
  -8.2374142e+00
  -3.7156449e+00
   8.1692395e+00
   1.2954193e+01
   8.1181400e+00
  -1.5900825e+01
  -1.5916199e+01
   8.5253607e+00
   4.0958982e+00
  -7.8148825e-01
   1.2434440e+01
   2.5518367e+01
   2.8860185e+00
   8.4224056e+00
   2.2089786e+01
   1.2118329e+00
   1.4740281e+01
   3.4730641e+01
   8.7375717e+00
  -1.9076303e+00
  -3.1085628e+00
   8.4821372e-01
   1.8267091e+01
  -1.0338920e+01
   1.2588558e+01
   2.8119841e+00
   6.8659820e-01
  -9.6853380e+00
  -2.0371747e+00
  -3.8507340e+00
   5.5855334e+00
   2.5539916e+01
   8.4092370e+00
   7.7619558e+00
   1.5871086e+00
   6.7043665e+00
   9.2931762e+00
   8.9555794e+00
   1.3744440e+01
   1.5128158e+01
  -1.3741289e+01
   6.7753135e+00
   1.8460021e+01
   3.3931699e+00
   2.3846828e+01
  -7.2856783e+00
   9.3056518e-01
   5.7133766e+00
   1.0320018e+01
   2.3916766e+01
   1.2724970e+01
  -8.8352341e+00
   3.5144981e+01
   1.8270871e+01
   5.2082414e-01
   2.3716527e+01
   1.4540924e+01
   1.5839645e+01
  -1.2571231e+01
  -6.0987965e+00
   2.7827484e+00
  -1.5534497e+01
   3.0465314e+01
   8.7436204e+00
   5.2166845e+00
   1.5919413e+01
   2.1352782e+01
   1.9482389e+01
   5.4001638e+00
  -4.9751118e+00
   2.1003591e+01
  -5.0236910e+00
   1.8489950e+01
  -2.2563166e-01
   3.1018839e+00
   1.6616281e+01
   1.1579107e+01
  -7.7446916e+00
   2.6110516e+00
   2.7024825e+01
   2.9633293e+00
   2.8492219e-01
  -3.8263499e+00
   1.6719992e+01
   3.6658056e+00
  -9.9717094e+00
   1.6082793e+01
   7.2144162e+00
   8.9925020e+00
   2.3259656e+01
   1.1659064e+01
  -5.9028417e+00
   1.2234201e+01
   1.1890240e+00
  -5.4866738e+00
   1.0611997e+01
   2.4559133e+01
   1.6877449e+01
   1.8338227e+01
   1.7188457e+01
   9.9449310e+00
  -1.9286056e+01
  -6.8155126e+00
   2.6779031e+01
   1.2326759e+01
   2.5040325e+01
   2.2129670e+01
   1.1604562e+01
  -6.5175477e+00
  -3.0563922e+00
   1.5072144e+00
   5.2009325e+00
  -2.0437276e+01
   1.5051730e+01
   1.0533867e+01
   2.2289396e+01
   1.0126079e+01
  -7.1082477e+00
   1.5662277e+01
  -5.9196648e+00
  -2.0676706e+00
  -4.1711423e+01
  -2.4090479e+00
   5.3835927e+00
   1.0959171e+01
  -1.8590826e+01
   4.7440300e+01
   1.8485099e+01
  -2.4644950e+00
  -1.5915821e-01
  -1.9781425e+01
  -1.7150022e+01
  -1.1500221e+00
   9.8102199e+00
   1.4583202e+00
   1.5164388e+01
   3.4301052e+01
   1.1787474e+01
  -3.1321215e+01
   1.3072459e+01
  -1.4694474e+01
  -1.5055573e+01
   1.3403818e+01
  -1.4258711e+00
  -1.6244345e+01
   7.2299162e+00
  -1.9169555e+01
   1.0127969e+01
  -9.3135908e+00
   1.4724970e+00
  -4.3991557e+00
   1.0089408e+01
  -1.2670468e+01
   1.6731775e+01
   8.6466511e+00
  -1.3041333e+01
   1.7773738e+01
  -9.1261420e+00
  -8.7479680e+00
   2.3762586e+01
  -8.0642682e+00
   8.3796862e+00
  -2.6997984e+01
   8.6651755e+00
  -3.9858862e-01
  -5.7075799e+00
  -2.6144162e+01
  -8.7911285e+00
  -2.4154433e+01
   1.4737257e+01
  -5.8265390e+00
   7.9799004e+00
  -2.2846008e+01
   4.1279062e+00
  -2.8699200e+01
   4.8107240e+00
   2.2528889e+01
  -2.1526621e+01
   6.5097977e+00
   2.5290278e+01
  -7.0899124e+00
   8.9948964e+00
   5.4472308e+00
   6.6513767e+00
  -7.0217378e+00
   9.0346544e+00
  -5.2660198e+00
  -2.0095205e+01
   2.1382333e+01
   5.6400353e+00
   2.5421335e+01
   1.6667255e+01
  -1.1894840e+01
   7.6605129e+00
  -1.8793145e+01
  -4.5371432e+00
   5.2779913e+00
  -2.0679163e+01
  -6.6429337e+00
   1.5998992e+01
   3.3066599e+01
  -4.0125386e+00
  -4.2096276e+00
   6.4992754e-01
   6.8354231e+00
  -1.2139122e+01
   4.1947577e+00
  -4.7557180e+00
  -9.7750614e-01
   2.0641547e+01
  -1.7426249e+01
  -1.3116376e+01
   1.0152227e+01
   7.2142272e+00
   1.6514397e+00
  -9.6023565e+00
  -1.0031252e+01
   7.1257640e+00
   4.2804486e+00
  -2.2149833e+00
  -2.2178817e-02
  -7.8209313e+00
  -5.1984122e+00
  -5.8433621e-01
  -1.0560897e+01
  -2.9577846e+00
   1.4208304e-01
  -2.5486926e+01
  -2.6258900e+01
  -2.0591771e+01
  -2.3589629e+01
   1.8028480e+00
  -8.7170311e+00
   2.1402558e+00
  -5.7712179e+00
   1.0985193e+01
   7.2534182e+00
  -5.9864533e+00
  -2.6549367e+01
  -5.4718669e+00
  -2.1544893e+01
  -4.2121731e+01
  -1.9775692e+00
  -1.6478042e+01
   6.2725096e+00
   1.5923634e+01
  -6.2891437e+00
  -1.8272573e+01
  -2.9873984e+00
  -8.9504757e+00
   1.4428895e+01
   1.2727490e+01
  -2.1284733e+01
  -3.8664860e+00
  -5.9077563e+00
   2.5386554e+00
   1.0607712e+01
  -8.9580997e+00
   2.3998551e+01
   8.4336211e+00
  -2.5770651e+01
   1.1692080e+01
  -8.4921555e+00
  -9.3675257e+00
  -1.1199168e+01
  -1.4209439e+01
  -7.9793334e-01
  -1.5195955e+01
  -6.2650747e+00
   8.9509798e+00
   1.0640791e+00
  -3.5890618e+00
   4.1747842e+00
   7.7928297e-01
  -6.1079327e+00
  -7.1918594e+00
   5.1458635e+00
   1.1634617e+01
  -3.1960809e+00
  -4.4744503e+00
  -7.5367652e+00
  -2.9060110e+01
   1.8932140e+01
   2.8946506e+00
  -2.2897738e+00
   4.2375402e+00
   3.8647218e+00
  -7.1501481e-01
   4.8251528e-01
  -2.2371054e+01
   1.4227837e+01
  -1.3518871e+01
  -1.0545712e+01
   1.9568017e+01
  -5.0136097e+00
  -3.9528700e+00
   2.4009577e+01
  -2.9156323e+00
   2.3789175e+01
  -4.6412324e+00
   8.3456619e+00
  -9.0681117e-01
   1.5640980e+01
   3.8607523e+00
   1.5252788e+01
   1.7814378e+01
  -3.6065780e-01
  -9.2081784e+00
   9.7580493e+00
   2.4267784e+01
   2.0881419e+01
   3.1693025e-01
  -9.8955957e+00
   9.4196963e+00
   1.7508349e+01
   1.1432676e+01
   4.1749795e+01
   1.5237792e+01
   4.3944364e+01
   6.7892697e+01
   6.2181904e+01
   2.8175729e+01
   8.3925525e+01
   7.4575389e+01
   1.3453727e+02
   1.4184343e+02
   1.5755775e+02
   1.8697625e+02
   2.0851673e+02
   3.4123143e+02
   6.4665465e+02
   1.8775649e+03
   6.9618422e+03
   2.4401509e+04
   5.6943194e+04
   7.2653498e+04
   4.9599439e+04
   2.1803276e+04
   6.9896000e+03
   2.1622696e+03
   9.4938107e+02
   6.6018373e+02
   5.9877601e+02
   5.6662813e+02
   5.7909747e+02
   6.2938655e+02
   6.7833149e+02
   7.2229179e+02
   7.5343324e+02
   7.5703195e+02
   7.8527610e+02
   7.9988230e+02
   7.9928070e+02
   8.6244521e+02
   9.0166196e+02
   9.5293321e+02
   9.9577153e+02
   1.0859643e+03
   1.2067381e+03
   1.3551068e+03
   1.6283292e+03
   1.8743034e+03
   2.1646694e+03
   2.5356121e+03
   2.7811242e+03
   3.0094363e+03
   3.0605848e+03
   2.9692266e+03
   2.7400861e+03
   2.5042449e+03
   2.3618969e+03
   2.2412973e+03
   2.1958728e+03
   2.1612141e+03
   2.1978949e+03
   2.1071992e+03
   2.0709992e+03
   2.0709916e+03
   2.0120627e+03
   1.9273959e+03
   1.9042586e+03
   1.8668003e+03
   1.8790083e+03
   1.8605778e+03
   1.8427151e+03
   1.8314132e+03
   1.7644661e+03
   1.7629370e+03
   1.6778982e+03
   1.6440724e+03
   1.5423323e+03
   1.4530582e+03
   1.4174721e+03
   1.3858243e+03
   1.3383761e+03
   1.3150123e+03
   1.2596554e+03
   1.2664921e+03
   1.2388144e+03
   1.2700942e+03
   1.2551062e+03
   1.2544709e+03
   1.2594635e+03
   1.2563733e+03
   1.2699432e+03
   1.2611652e+03
   1.2730963e+03
   1.2358973e+03
   1.2289142e+03
   1.2276537e+03
   1.1851380e+03
   1.2176652e+03
   1.1736711e+03
   1.1653993e+03
   1.1631017e+03
   1.1379450e+03
   1.0975192e+03
   1.0997803e+03
   1.1062595e+03
   1.0432212e+03
   1.0788612e+03
   1.0343642e+03
   1.0447729e+03
   1.0066826e+03
   1.0563811e+03
   1.0498166e+03
   1.0351171e+03
   9.9611814e+02
   1.0344773e+03
   1.0281656e+03
   1.0272234e+03
   1.0241396e+03
   1.0087592e+03
   1.0222737e+03
   1.0098412e+03
   9.9258005e+02
   9.9829425e+02
   9.7698009e+02
   9.7215784e+02
   9.4761874e+02
   9.6243331e+02
   9.3953393e+02
   9.3323212e+02
   9.2937408e+02
   9.4562737e+02
   9.0596667e+02
   8.7611134e+02
   9.0367608e+02
   8.8778766e+02
   8.8021763e+02
   8.4206408e+02
   8.4004801e+02
   8.3510907e+02
   8.4917182e+02
   8.4369599e+02
   8.3314908e+02
   8.2836935e+02
   8.1929179e+02
   8.3377998e+02
   8.0881665e+02
   8.0569088e+02
   8.0258849e+02
   8.1560557e+02
   7.7997719e+02
   7.7819451e+02
   7.9493813e+02
   7.9398860e+02
   8.0147848e+02
   7.5577632e+02
   7.7157715e+02
   7.6200050e+02
   7.6324901e+02
   7.2354773e+02
   7.3874242e+02
   7.0699055e+02
   7.1445422e+02
   7.2658585e+02
   7.1438221e+02
   7.0955308e+02
   6.9425380e+02
   7.0364986e+02
   6.8651994e+02
   6.8824321e+02
   6.7612658e+02
   6.6972957e+02
   6.5901997e+02
   6.6848459e+02
   6.5413918e+02
   6.4811039e+02
   6.5514366e+02
   6.3116325e+02
   6.4920188e+02
   6.2180568e+02
   5.9966599e+02
   6.2986182e+02
   6.1118071e+02
   6.1959505e+02
   6.0090290e+02
   6.0243992e+02
   5.9273877e+02
   5.9156833e+02
   5.7166644e+02
   5.9752593e+02
   5.4705885e+02
   5.6430263e+02
   5.4321889e+02
   5.3380694e+02
   5.2036507e+02
   5.6322878e+02
   5.3226501e+02
   5.6226501e+02
   5.0254073e+02
   5.1620503e+02
   4.9279869e+02
   4.8776038e+02
   4.8134547e+02
   4.7714801e+02
   4.5753677e+02
   5.0144874e+02
   4.6533407e+02
   4.7432090e+02
   4.4417018e+02
   4.8177922e+02
   4.5261886e+02
   4.5408430e+02
   4.2161093e+02
   4.1936759e+02
   4.3040136e+02
   4.1539015e+02
   4.0204814e+02
   4.2848951e+02
   4.0604152e+02
   4.2064186e+02
   3.9401777e+02
   3.9509892e+02
   3.9247886e+02
   3.6612249e+02
   3.9133646e+02
   3.7108777e+02
   3.6775755e+02
   3.2658856e+02
   3.7499855e+02
   3.3625499e+02
   3.3204820e+02
   3.4645227e+02
   3.3914152e+02
   3.2390133e+02
   3.1887499e+02
   3.3018978e+02
   3.2510132e+02
   3.1730609e+02
   3.0308034e+02
   3.2005009e+02
   3.1569183e+02
   3.0692603e+02
   3.1843324e+02
   2.9074286e+02
   2.7898923e+02
   3.0252769e+02
   2.9723338e+02
   2.8228291e+02
   2.7550885e+02
   3.0131296e+02
   2.7937087e+02
   2.8753866e+02
   2.5260381e+02
   2.4635644e+02
   2.6309445e+02
   2.7707372e+02
   2.6184550e+02
   2.3448674e+02
   2.6215015e+02
   2.4957690e+02
   2.4664243e+02
   2.4960204e+02
   2.4689182e+02
   2.3138214e+02
   2.2183706e+02
   2.3304902e+02
   2.4564602e+02
   2.2979151e+02
   1.9281085e+02
   2.3424063e+02
   2.1270222e+02
   2.3983416e+02
   2.1467916e+02
   2.1561408e+02
   2.4290939e+02
   1.9712854e+02
   2.0314945e+02
   2.1487222e+02
   2.1158818e+02
   1.9521542e+02
   1.9934245e+02
   2.0237200e+02
   1.9257690e+02
   2.0409193e+02
   1.7947395e+02
   1.8809016e+02
   1.7644780e+02
   1.7062170e+02
   1.7218310e+02
   1.7030011e+02
   1.8103106e+02
   1.6404637e+02
   1.8032808e+02
   1.7582414e+02
   1.8232279e+02
   1.8760248e+02
   1.7629715e+02
   1.4900491e+02
   1.7018102e+02
   1.8526621e+02
   1.6398185e+02
   1.6238895e+02
   1.5949940e+02
   1.5425865e+02
   1.6932544e+02
   1.6622374e+02
   1.4815853e+02
   1.6669844e+02
   1.4860481e+02
   1.5883347e+02
   1.3963481e+02
   1.8321429e+02
   1.3270556e+02
   1.4158906e+02
   1.4712305e+02
   1.1783145e+02
   1.3166076e+02
   1.3804341e+02
   1.2631592e+02
   1.3963304e+02
   1.4419980e+02
   1.3176744e+02
   1.1841220e+02
   1.3654395e+02
   1.5039859e+02
   1.3926539e+02
   1.2739065e+02
   1.0982937e+02
   1.1273713e+02
   1.1784777e+02
   9.3000189e+01
   1.1184090e+02
   9.5283473e+01
   1.1443192e+02
   1.3152372e+02
   1.0541478e+02
   1.1400170e+02
   8.5407662e+01
   1.0202136e+02
   1.4548863e+02
   1.1644572e+02
   1.1841812e+02
   1.2411411e+02
   1.0480562e+02
   1.2561597e+02
   1.1001934e+02
   1.0728335e+02
   1.1531725e+02
   1.1880852e+02
   1.1000807e+02
   1.1806521e+02
   1.2451043e+02
   1.1762220e+02
   9.2201059e+01
   9.3046500e+01
   8.4469158e+01
   9.2881293e+01
   1.0144036e+02
   9.0810598e+01
   8.4869195e+01
   1.0443715e+02
   1.0409899e+02
   7.4696932e+01
   9.2278432e+01
   8.5738895e+01
   8.2600277e+01
   8.0732027e+01
   9.2516288e+01
   9.5401298e+01
   9.4309243e+01
   6.8004978e+01
   8.7603491e+01
   7.8619558e+01
   8.7635499e+01
   7.8308172e+01
   1.0413654e+02
   1.0471054e+02
   8.2145675e+01
   8.2298847e+01
   9.6990108e+01
   8.9439922e+01
   5.7815261e+01
   7.0386491e+01
   7.2863084e+01
   8.8469473e+01
   7.0096276e+01
   6.2127906e+01
   9.0232184e+01
   8.7927478e+01
   9.9218890e+01
   9.0285426e+01
   6.6292861e+01
   8.3622708e+01
   7.0280323e+01
   6.8368912e+01
   4.3977191e+01
   5.8648037e+01
   7.5281646e+01
   7.8064079e+01
   5.0617226e+01
   6.6837250e+01
   9.4655031e+01
   7.8834100e+01
   6.6127717e+01
   5.8516162e+01
   5.5353223e+01
   6.9362989e+01
   6.4191985e+01
   7.5077311e+01
   7.2284922e+01
   6.3728309e+01
   4.7779724e+01
   4.3043980e+01
   7.6186378e+01
   8.6392414e+01
   5.8318757e+01
   7.3174469e+01
   5.8294184e+01
   3.2011089e+01
   7.0255371e+01
   7.0163632e+01
   4.6448239e+01
   5.2000504e+01
   6.6248441e+01
   6.6710919e+01
   6.0099490e+01
   5.7584777e+01
   3.0233445e+01
   5.7636696e+01
   6.9556172e+01
   3.0904858e+01
   5.1748787e+01
   3.7179888e+01
   3.5663033e+01
   7.0352026e+01
   5.5774368e+01
   3.9600340e+01
   4.8998803e+01
   5.9338227e+01
   5.7853821e+01
   5.8245794e+01
   6.1015941e+01
   4.1845441e+01
   3.7421776e+01
   3.7994266e+01
   5.2841661e+01
   6.7180455e+01
   2.7027850e+01
   5.0655094e+01
   3.4232184e+01
   4.3646651e+01
   5.7441119e+01
   5.8641673e+01
   5.2283410e+01
   4.3874299e+01
   2.9859933e+01
   5.0090290e+01
   5.0401172e+01
   6.2976561e+01
   5.3020352e+01
   4.9061748e+01
   3.3419255e+01
   6.4323924e+01
   4.2434314e+01
   3.7444395e+01
   4.9878521e+01
   3.8952303e+01
   3.0274274e+01
   4.8994833e+01
   3.2715141e+01
   4.6745700e+01
   4.9028984e+01
   2.9987020e+01
   3.7598639e+01
   3.4008128e+01
   5.8918342e+01
   3.2928297e+01
   7.4125512e+01
   3.4386302e+01
   1.7451389e+01
   5.0197656e+01
   3.2237351e+01
   2.5112217e+01
   3.5681999e+01
   7.8335707e+01
   4.8113036e+01
   2.6957785e+01
   2.7823515e+01
   3.4259782e+01
   9.4933527e+00
   2.1709407e+01
   4.2021297e+01
   4.2755025e+01
   1.8781362e+01
   1.5875874e+01
   4.6276794e+01
   3.8372629e+01
   3.9238422e+01
   2.2968937e+01
   3.5084053e+01
   2.4201311e+01
   3.2218764e+01
   2.8190410e+01
   1.1248504e+01
   3.1891500e+01
   4.3922059e+01
   2.0611808e+01
   1.4674249e+01
   1.9426753e+01
   2.4913742e+01
   2.2903976e+01
   2.7993825e+01
   5.0361918e+01
   1.7729381e+01
   3.9971268e+01
   3.8074475e+01
   4.5776196e+01
   2.4090542e+01
   1.1298406e+01
   1.3800643e+00
   2.5905866e+01
   3.5080524e+01
   7.8966039e+00
   3.1931069e+01
   2.8874299e+01
   2.6935291e+01
   2.7606956e+01
   2.9097473e+01
   1.9527251e+01
   1.7222355e+01
   4.1307920e+01
   3.5371810e+01
   3.0464495e+01
   4.9113981e+01
   2.2325436e+01
   4.0461345e+01
   1.0106294e+01
   3.5369605e+01
   2.0324995e+01
   2.1615525e+01
   2.1576334e+01
  -5.8615714e+00
   4.1613698e+01
   1.7215928e+01
   3.7515027e+01
   3.1559448e+01
   4.1283095e+01
   2.5814945e+01
   1.9478609e+01
   2.6520824e+01
   3.5439481e+01
   5.3005608e+01
   1.5965157e+01
   1.8221221e+01
   4.3888917e+01
   2.3894399e+01
   7.8615714e+00
   1.9524983e+01
   1.0877386e+01
   5.2125953e+01
   1.6808960e+01
   2.9756285e+01
   3.4490580e+01
   2.6248567e+01
   4.0392036e+01
   2.2874047e+01
   1.9941529e+01
   3.3517422e+01
   2.6733854e+01
   1.8645202e+01
   2.9422217e+01
   1.7787600e+01
   1.2780669e+01
   1.0336715e+01
   2.9358263e+01
   2.2462038e+01
   1.8906055e+01
   1.9093441e+01
   2.7155819e+01
   1.7869195e+01
   2.5251024e+01
   4.0623527e+01
   3.6466826e+01
   1.6219016e+01
   1.5753261e+00
   3.9592842e+01
   1.9110201e+01
   1.2899817e+01
   9.6685779e+00
   3.0708021e+01
   2.2195136e+01
   1.7661584e+01
   1.3764098e+00
   9.3378489e+00
   4.1976750e+01
   1.9961250e+01
   1.5168042e+01
   1.5284481e+01
   2.5809905e+01
   8.6319703e+00
   2.4300800e+01
   2.5466889e+01
   1.4798815e+01
   2.8176926e+01
   9.1943167e+00
   2.9704934e+01
  -2.6695230e+00
   7.1182660e+00
   1.6851364e+01
   1.9967236e+00
   1.4806691e+01
   9.8186000e+00
   4.1527377e+01
   1.6823704e+01
   6.3456619e+00
   2.5562409e+01
   1.2731208e+01
   3.1592842e+00
   1.7924012e+01
  -3.8086447e+00
  -7.0427194e+00
   8.5580619e+00
   1.6952114e+01
   1.9251339e+01
   1.2076618e+01
   1.8042341e+00
   5.3487493e-01
   3.4150715e+01
   4.1180896e+01
   5.5176107e+00
   3.1128788e+01
   3.1835801e+01
   3.0972718e+01
   2.3224056e+01
   1.7867998e+01
   2.4630899e+01
   1.2766366e+01
   1.4001827e+01
   1.0796421e+00
   1.2255939e+01
   2.3894399e+01
   2.7294688e+01
   3.9389768e+01
  -3.3532229e+00
   2.6518430e+01
   5.8691954e-01
   4.7780228e+00
   2.2405583e+01
   9.0295508e+00
   2.4684897e+01
  -5.7850797e+00
   2.2845441e+00
   1.0603932e+01
  -8.4494361e+00
   1.0366896e+01
   3.7311638e+01
   2.9025014e+01
   4.8765673e+00
   3.1689497e+01
   2.9831580e+01
   5.9068742e+00
   2.0872220e+01
   1.5776574e+00
   6.2012476e-01
   4.2531409e+01
   1.0770273e+01
  -7.0074349e+00
   8.6440678e+00
   8.8605633e+00
   1.1604121e+01
   4.9177115e+00
   6.9687480e+00
   1.2352215e+01
   1.1120597e+01
   1.2351018e+01
   2.2975553e+01
  -4.6368219e+00
   1.2477412e+01
   1.2128914e+01
   1.2644131e+01
  -4.2445341e+00
   4.8037301e+00
   1.9381892e+01
  -1.9473253e+00
   1.5218575e+01
   5.5137672e+00
   1.7108374e+01
   1.2816332e+01
  -4.8545145e+00
   2.6382018e+01
   7.7310818e-01
   1.4597253e+01
   2.0573688e+01
   1.5545145e+01
   1.0931006e+01
   1.8901834e+01
   9.8834982e+00
   7.4232878e+00
   2.6378174e+01
   1.7582635e+01
   1.2428265e+01
   6.5859744e+00
   3.4678974e+00
  -1.9611430e+01
   2.5740533e+01
   5.8530023e+00
  -6.5329847e+00
   8.2554974e+00
   2.9611745e+01
   2.2311134e+00
   1.4017201e+01
   1.0759183e+01
   8.7251591e+00
   7.1092559e+00
   5.9689371e+00
  -3.0231239e+00
   1.4496881e+00
   2.1065087e+01
  -1.3747338e+01
   2.1489194e+01
   4.2452271e+00
   1.9485855e+00
   1.6053872e+01
  -7.2045870e+00
  -2.7453847e+00
   3.4723080e+00
  -1.2179447e+00
   4.0255812e+00
  -5.6337975e+00
  -7.4331800e+00
   7.9342827e+00
   3.7760696e+00
  -1.6469788e+01
   1.7844811e+01
   2.8645139e+01
   1.3731271e+01
   3.3473001e+00
   8.9971016e+00
   1.4715330e+01
  -7.3033205e+00
   1.5878143e+01
   2.4099931e+01
   4.5706005e+00
   1.9079390e+01
   1.9106421e+01
   2.0941970e+00
   3.5143658e+01
   1.6815765e+01
   3.0375528e+01
   2.1051793e+01
   1.1633293e+01
   1.0079579e+01
  -5.4125134e+00
   4.7463298e+00
   2.2473568e+01
   1.1514523e+01
  -3.6236532e+00
   1.8360532e+01
  -1.3706383e+01
   1.3511058e+01
  -1.3949720e+01
   1.0386302e+01
   9.4614706e+00
   1.0531536e+01
   1.1513389e+01
   4.3615714e+01
   5.6031756e+00
   1.6420578e+01
  -1.7464117e+01
  -3.0442946e+00
   1.1162813e+01
   1.9521391e+01
   3.1672862e+00
   2.8524227e+01
  -1.3258333e+01
   1.0505450e+01
   1.6655787e+01
   2.0921492e+01
   1.5532733e+00
   3.3142209e-02
   1.4167727e+01
  -6.9870204e+00
   2.6681999e+00
  -1.7263121e+01
  -9.2350829e-01
   1.3858421e+01
   9.8933275e+00
  -5.1433432e+00
   7.7211896e+00
  -1.5101884e+01
   3.4542877e+00
   1.5780354e+01
  -1.2468023e+00
   6.4357633e+00
   8.3145990e+00
  -7.5254237e+00
  -2.8447483e+00
  -5.3476151e+00
   1.9278117e+01
   1.3787411e+00
   5.1538025e+00
  -1.3927919e+00
  -8.8556487e+00
   3.1319829e+01
   1.3653771e+01
   8.0645832e+00
   1.6481885e+01
  -3.4850986e+00
   2.3563544e+01
  -1.4722387e+01
   1.8897990e+00
  -6.5805557e-01
   8.9942663e+00
   1.1942789e+01
   1.8571420e+01
   2.0239997e+01
   1.9919161e+01
   5.6951043e+00
   1.1013106e+01
   7.1677273e+00
   1.1420011e+01
   2.6627182e-01
  -1.6226451e+00
   3.6798500e+01
   3.9465062e+00
   1.3250331e+01
   9.7354294e+00
   3.1033772e+01
  -4.3091173e-01
   2.8307920e+01
  -3.8157016e+00
  -1.0292861e+01
   1.7193939e+01
  -2.1808267e+01
  -1.3011593e+01
  -1.3438221e+01
   1.3395438e+01
   8.6884884e+00
   3.2515027e+01
   1.9296138e+01
   2.5024258e+01
   4.9883435e-01
   2.0340936e+01
   1.1702728e+01
   1.3589062e+01
  -3.7021612e+00
  -5.3613509e-01
   2.5965409e+01
   1.7598513e+01
   1.2994770e+00
   9.2835360e+00
   1.2375024e+01
   9.5029929e+00
   1.2388507e+01
   1.1787474e+01
   4.9055510e+00
   2.3157772e+01
  -8.3788671e+00
   2.1376410e+01
   3.4095835e+01
   1.8206792e+01
   2.1891815e+01
   2.2834919e+01
  -2.9632663e+00
   1.7365509e+01
   1.2203012e+01
   4.5132002e+00
   2.5776574e+01
   1.7493668e+01
   9.7882931e+00
   1.0567639e+01
  -1.1099490e+01
   1.0053809e+01
   2.8550816e+01
   2.0315670e+00
   5.9913049e+00
  -3.4353853e+00
   1.8881041e+01
   1.0083360e+01
   2.9024006e+00
  -3.8940835e+00
   2.6080839e+01
   1.6951106e+01
   2.0213030e+01
   4.1005608e-01
   2.5930313e+00
   1.5189969e+01
  -4.6262365e+00
   2.2696742e+00
  -3.4899502e+00
   2.6368786e+01
   7.1393107e+00
   2.3402747e+01
   2.8858547e+01
   8.5974419e+00
   1.1373763e+01
  -6.7292546e-02
   2.0178187e+01
   8.3518367e+00
   1.5029362e+01
   8.4138366e+00
   1.2795413e+01
   3.2030118e+00
   3.8727868e+00
   1.6212967e+01
   8.8194191e+00
   1.1240313e+01
   6.3953122e+00
   2.4066284e+01
   4.9270367e+00
   2.7325499e+01
   3.4144036e+00
   4.5540924e+00
   1.6518871e+01
  -5.5356310e+00
   2.1726230e+01
   6.7021612e+00
   1.7970071e+01
   1.5286686e+01
   9.6932770e+00
  -2.3094323e+00
   9.0369227e+00
   7.7553399e+00
   8.2186378e+00
   7.6394052e+00
   1.5321278e+01
   6.6071451e+00
   2.0596245e+01
   1.1782748e+01
   2.9810346e+00
   1.1590511e+01
   1.7570600e+01
   1.9570411e+01
   1.6016319e+01
  -4.7637830e+00
   4.9636444e+00
   5.9555164e-01
   1.7555479e+01
   1.7707769e+01
   1.5416798e+01
   1.1275786e+01
   2.9286119e+00
   1.0760318e+01
   7.3704871e+00
  -1.7604436e-01
   1.2962321e+01
  -4.2820238e+00
   8.7451956e+00
   2.1225884e+01
   1.3698381e+01
   1.0919035e+01
   2.4767122e+01
   3.4423288e+01
  -1.8131183e+00
   1.4029236e+01
   9.0847458e+00
   2.7249575e+01
   2.0538340e+01
   2.0925777e+01
   1.0225002e+01
   1.5945435e+01
  -3.6152731e+00
   2.7278684e+00
  -2.3735114e-01
   2.0635121e+00
   1.0143154e+01
   5.1105160e+00
   1.3627245e+01
   2.4398148e+01
   5.4958100e+00
   4.4647470e-01
   2.2183416e+01
   8.9405204e+00
   1.6431920e+01
   1.1066662e+01
   1.3799067e+01
   6.9924390e+00
   1.4542436e+01
   5.2262617e+00
   1.5860500e+01
   1.2185748e+01
   6.3770399e+00
   6.8017138e+00
   5.2406276e+00
   1.5231554e+01
   1.9846197e+01
   4.2606641e+00
   5.7800391e+00
   1.5696364e+01
   1.6621763e+01
   1.6706635e+01
   9.0206036e+00
   1.0524101e+01
   8.2868754e+00
   1.2563481e+01
   4.8547035e+00
   9.6142650e+00
  -2.2916010e+00
   2.0946506e+01
   1.6388129e+01
  -2.0766177e+00
   1.6550501e+01
   1.6819860e+01
   3.4424044e+01
   1.0739966e+01
  -7.6340495e-01
   1.0297083e+01
   4.4792389e+00
   2.0270178e+01
  -2.5792326e+00
   2.3382900e+01
   2.3993951e+01
   1.2950476e+01
  -7.8444963e-02
   1.7237162e+01
   1.2890807e+01
   4.4569970e+00
   2.2809842e+01
   6.9887846e+00
   2.0691702e+01
   9.6152731e+00
  -3.9128599e+00
   2.4041963e+00
  -2.9046689e-01
   1.2461849e+01
   3.5188772e+01
   1.0425178e+01
   1.1799761e+01
   1.3117384e+01
   5.8681243e+00
   1.6774116e+01
   2.2418562e+01
   9.6820616e+00
   5.7871590e+00
   1.7494676e+01
   1.3947514e+01
   2.6550564e+01
   2.9753828e+01
  -2.2076744e+00
   2.0960998e+01
   2.6143217e+01
   9.8628316e+00
   1.8284985e+01
   9.7542058e+00
   9.8074475e+00
   2.1615966e+01
   2.1715204e+01
   1.6588999e+01
   1.7287695e+01
   1.2923571e+00
   1.4677021e+01
   1.1254489e+01
   2.2553273e+01
   9.2921681e+00
   1.6973474e+01
   2.4370172e+01
   1.8293113e+01
   8.5632915e+00
   2.4593787e+01
   1.6141201e+01
   1.5909647e+01
   7.7266713e-01
   9.9114738e+00
   5.0824145e+00
   1.4069939e+01
   1.9873354e+01
   2.2370802e+01
   1.4082225e+01
   9.9859492e+00
   2.1701153e+01
   3.6407536e+01
  -3.3949972e+00
   2.2018146e+00
  -5.2989730e+00
   2.5815009e+01
   1.2031000e+01
   1.6283410e+01
   1.1615336e+01
   1.3242707e+01
   8.8470796e+00
   1.3157205e+01
   1.4814756e+01
   1.5883687e+00
  -1.5363241e+00
   2.4492219e+01
   5.7460147e+00
   1.2031945e+01
   1.1399093e+01
   2.5405204e+01
  -1.9266650e+01
   7.6810535e+00
   2.3899502e+01
   2.0598954e+01
   1.1566505e+01
   1.9601663e+01
   9.2809527e+00
  -1.9161994e+00
   9.4942348e+00
  -1.2327390e+01
   2.4567513e+01
   1.4370487e+01
   2.5011026e+01
   1.8967551e+01
   2.1875685e+01
  -4.2026337e-02
   3.0476908e+01
   3.7736690e+01
   2.2447672e+01
   2.5644068e+01
   1.7416735e+01
   6.3471741e+00
   2.2743620e+01
   2.2057211e+00
   1.1303131e+01
   2.1223930e+01
   2.6534308e+01
   1.3902905e+01
  -1.9359209e+00
   9.6335455e+00
   2.8368345e+01
   2.0507214e+00
   1.7247054e+01
   1.0359776e+01
  -7.6315292e-01
   6.7393359e-01
   2.4508853e+00
   1.1843425e+01
   4.3823326e+00
   1.5646462e+01
   2.9366076e+01
  -4.1100750e+00
   1.6904795e+01
  -1.6732405e+00
   3.6818852e+01
   8.5304014e+00
  -3.9306282e+00
   8.1697436e+00
  -2.7729192e+00
   8.9081973e+00
   1.5238359e+01
   7.1470607e+00
   1.7825909e+01
   5.2543633e+00
   1.2123874e+01
   1.4993195e+01
   2.8383152e+01
   1.9927415e+01
   1.2187449e+01
   2.9364564e+01
   5.3234201e+00
   5.5132002e+00
  -6.3990927e-01
   2.4926974e+01
   1.6775881e+01
   1.5672043e+01
  -8.5526432e+00
   8.1725159e+00
   1.7785773e+01
   8.3377229e+00
   4.7535757e+00
  -6.9839960e+00
  -1.6632852e+00
   9.4382207e+00
   1.0334068e+01
   2.0119652e+01
   9.4819482e+00
   2.9637830e+01
   8.7433054e+00
   2.0676769e+01
   7.8516162e+00
   2.2167853e+01
   1.1341944e+01
   1.0693655e+01
   3.4472938e+00
  -1.4971142e+01
   7.6972466e+00
  -8.1994833e+00
  -4.9005104e+00
   2.1268918e+01
  -2.2295382e+00
   1.9337345e+01
   1.6302879e+01
   2.2830697e+01
   8.2034528e+00
   1.9285300e+01
   5.2573247e+00
   6.3154811e+00
   1.7293491e+01
   9.1817151e+00
  -2.1548737e-01
   2.8158906e+01
   6.2833470e+00
  -7.3574444e-01
  -6.9240123e+00
   1.6313843e+01
  -4.4511373e+00
  -1.4836305e+01
   8.4101191e+00
   2.5349883e+01
  -3.1665301e+00
   1.8356121e+00
   2.3891122e+01
   1.1966606e+01
   8.4725600e+00
   1.6441434e+01
  -7.0750425e+00
   1.0736249e+01
   8.9740407e+00
   7.6692710e+00
   3.2984059e+00
   3.2491966e+00
   1.8346418e+01
   1.8787537e+01
   2.8825216e+01
   2.1934157e+01
   2.5981665e+01
   2.3625417e+01
   1.0169050e+01
  -3.9926911e+00
   1.3583454e+01
   1.7805998e+01
  -8.1423981e+00
   9.7811102e+00
   5.2447231e+00
   8.3011782e+00
   1.6306912e+01
   1.4087581e+01
   1.2635562e+01
   1.2328902e+01
   9.4161048e+00
   1.0232815e+01
  -1.2803289e+01
   1.9726167e+01
   2.6249134e-01
   1.6129544e+01
   1.0900825e+01
   5.3092433e+00
   7.7494802e+00
   7.4412450e+00
   2.4120912e+01
   2.9232563e+01
   1.9437087e+01
   2.7487682e+01
  -2.7918846e+00
   1.0088274e+01
   1.3181715e+01
   3.5272510e+00
   2.3324869e+01
   1.4679604e+00
   1.0066788e+00
   1.3513389e+01
   1.5163128e+01
   7.6352467e+00
  -8.5625985e+00
   1.9100498e+01
   8.5961817e+00
  -5.9472623e+00
  -6.6923949e+00
   1.1330414e+01
   8.8682503e+00
   2.1289963e+01
   8.6942222e+00
   7.9143091e+00
   1.2116880e+01
   2.2245920e+01
   7.9477664e+00
   3.6204398e+00
   1.8786844e+01
   1.8717787e+00
  -1.5656228e+00
   7.1812110e+00
   3.3612879e+00
   2.1243652e+01
   7.6198097e+00
   4.8790246e+00
   8.2927982e+00
   1.3236910e+01
   4.8126142e+00
   1.9080209e+01
   9.7852057e+00
   1.9991053e+01
   1.7118014e+01
  -8.7588684e+00
  -2.1818033e+01
  -2.3522903e+01
   9.9587298e+00
   1.2040640e+01
  -5.2471174e+00
   1.2071577e+01
   6.7782118e+00
   5.8938315e+00
   1.3750173e+01
   1.3310440e+01
   2.0407662e+00
   2.2316552e+01
   1.6762649e+00
   1.5072585e+01
   2.0333312e+01
  -1.3802533e+00
   1.1618550e+01
   1.8811669e+00
  -9.9880285e-01
   1.0391532e+01
   3.8585470e+00
  -5.6779031e+00
   1.6272888e+01
   1.6261672e+01
   7.0270934e+00
   5.5753261e+00
  -6.6594417e+00
   3.3406843e-01
   1.2045303e+01
   8.7307038e+00
   2.3696490e+01
   6.0977254e+00
   2.1621700e+01
  -7.0285426e+00
   2.1431605e+01
   6.0071829e+00
   1.6429778e+01
  -5.9473883e+00
  -4.2682881e+00
   5.7495432e+00
   7.1502741e+00
  -1.1389011e+01
  -2.1119274e+01
   9.2473064e+00
   1.2880411e+01
   1.2738580e+01
   1.9295760e+01
   2.3062567e+01
   9.8423540e+00
   1.5710793e+01
   7.3904606e+00
   5.1009388e+00
   3.0984185e+00
  -4.0747275e-01
   1.0449751e+01
   1.5969504e+01
   8.2952555e+00
   2.8435511e-01
  -4.5252347e-01
   7.1609854e+00
   2.9931258e+01
   2.0626678e+01
   2.8468212e+01
  -8.0597946e+00
   1.8305841e+01
  -1.2630836e+01
   1.1293554e+01
   1.8815450e+01
   1.8282780e+01
  -3.0790750e+00
  -1.7657993e+00
   2.6897486e+01
  -4.2479365e+00
   2.4668452e+01
   5.3268225e+00
   1.1197026e+01
   2.2327390e+01
  -1.1853695e+00
   1.1984752e+01
   9.2085565e+00
   2.4413711e+00
  -1.9341566e+00
   4.9018965e+00
   6.8382585e+00
   2.5936740e+01
  -1.9366644e+01
   6.0466889e+00
   3.1636318e+00
   1.2381072e+00
  -8.0367337e+00
  -2.4352593e-01
  -1.1457879e+01
  -7.7370676e+00
   1.1839708e+01
   3.8894210e+00
  -4.3675887e+00
   3.9179636e+00
   1.1155945e+01
  -1.2096906e+00
   1.8120030e+01
  -1.2956777e+01
   8.4800580e+00
   1.0289018e+01
  -1.2573877e+00
   8.6850860e+00
   3.1033646e+01
   1.0657615e+01
   7.8459454e+00
   1.1594417e+01
   2.3762712e+01
   5.2452271e+00
   2.9090795e+00
   1.4575830e+01
   1.3078508e+01
   4.6458320e+00
   1.9439292e+01
  -6.1873228e+00
  -4.3122046e+00
   7.7681306e+00
   2.0854010e+01
   1.8246109e+01
  -7.3246802e-01
  -1.5046311e+00
  -6.7106042e+00
  -5.1824082e-01
   7.5651188e+00
   1.3995904e+01
   7.1677903e-01
   1.8000630e+01
   1.6171823e+01
   3.2691702e+00
   2.5078256e+01
  -4.6613320e-01
   1.7225758e+00
   1.2972213e+01
   2.0700208e+01
   5.5260538e+00
   1.2308550e+01
  -2.2408796e+00
   3.7990675e+00
   1.7652007e+01
  -9.1665301e+00
   2.3701153e+01
  -8.4216495e-01
   1.8070695e+00
   4.4948648e+00
  -9.7084620e+00
   8.5180518e+00
   6.1267091e+00
  -3.2719425e+00
   3.4594544e+00
   1.1441119e+01
  -5.7198664e+00
   1.3373889e+01
  -1.6445719e+00
   7.7188583e+00
  -6.8464495e+00
  -8.7153298e+00
   1.7764224e+01
   4.6819356e+00
  -5.8844433e+00
  -8.4772226e+00
   2.9636444e+00
  -5.4273203e+00
  -1.0679037e+01
   1.3983303e+01
   2.0260097e+01
   6.1299225e+00
   1.7100246e+01
  -1.1935921e+01
   1.3750992e+01
   3.3248063e+00
  -5.0062378e+00
   1.8106673e+01
   1.8112154e+01
  -3.1206603e+00
   9.1829122e+00
   1.1982484e+01
   2.6886208e+01
   7.6687039e-01
  -4.3207737e+00
  -3.7249701e+00
   2.2490076e+00
   1.0432802e+01
   1.1734106e+01
   9.9005734e+00
   1.1556298e+01
   2.6808519e+01
  -9.6548422e+00
   1.0706887e+01
   1.2362107e+01
   1.5369794e+01
   3.2871275e+00
   2.0448302e+01
   1.2658119e+01
  -1.1537080e+01
   1.3572743e+01
   2.9882805e+00
   8.2761011e+00
   6.7972402e+00
   1.6093504e+00
   1.0505135e+01
  -7.3635562e+00
   3.2167475e+00
  -5.0571483e+00
   1.7483964e+01
  -6.3157961e+00
   1.1942474e+01
   1.8508538e+01
  -1.1690505e+00
   7.9402684e-01
   3.9152542e+00
   4.5720497e+00
   2.8705438e+01
   1.0751811e+01
   1.6039758e+01
   3.1080398e+01
   2.3057148e+00
   1.2478546e+01
   1.7678785e+00
   3.7086510e+00
   1.6434062e+01
   5.7782748e+00
   7.3276416e+00
   1.6527314e+01
   1.7030496e+01
   8.9376221e+00
   1.8682125e+01
   2.2357129e+00
  -3.1898809e+01
   3.2568836e-01
   1.9255560e+01
   9.6229601e+00
   3.9843992e+01
   2.6080272e+00
   1.0619999e+00
  -1.5546594e+00
   5.1072396e+00
   1.6536198e+01
   3.9786403e+00
   4.3796232e+00
   1.0980972e+01
   1.7810472e+00
  -8.9933842e+00
   1.2256002e+01
   2.1415979e+01
  -5.3152290e+00
   1.4827673e+01
   1.0424044e+00
  -2.3520887e-01
   6.6702791e+00
  -5.6959864e+00
  -1.4532229e+01
   2.6824712e+01
   3.9356688e+00
   1.4820868e+01
   9.2660828e+00
  -1.3827799e+01
   1.9422217e+00
  -2.1452776e+01
   2.6244156e+01
   1.8377103e+01
  -7.2074854e+00
   9.9549493e+00
  -2.2239934e+00
   1.5082099e+01
  -6.4847206e+00
   1.1195955e+01
   6.0926218e+00
  -1.3475206e+01
   2.0822885e+00
   1.8594480e+01
   5.0296138e+00
   1.0747905e+00
   2.4955264e+01
  -1.3089219e+01
   5.4631088e+00
   1.6398148e+01
  -6.1413900e+00
   1.9016445e+00
   1.0299288e+01
   1.1443072e+01
   1.6240628e+01
   7.8576019e+00
  -7.6052549e+00
   2.1569466e+01
   4.8327138e+00
   2.8569088e+00
   3.1509861e+01
   1.6377796e+01
   4.2950665e+00
   3.4103081e+00
   8.9361099e+00
   8.6274337e+00
   3.8287443e+00
   1.4852309e+01
   5.0000000e+00
   2.2798059e+01
   6.3316741e+00
   2.8310566e+01
   8.4796169e-01
   1.0988344e+01
  -1.5800517e+01
   3.5387814e+00
   8.0940079e-01
   6.1067356e-01
   3.4311449e+01
   2.3264445e+00
  -1.1072711e+01
  -7.2057841e+00
   1.6242896e+01
   1.6935354e+01
   2.1094512e+01
  -4.0337093e+00
   1.8312646e+00
   1.6661584e+01
  -1.2347489e+01
   2.2532796e+01
   2.2923949e+01
  -6.6636003e+00
   7.4317938e+00
   2.2912230e+00
   2.3079705e+01
   1.1980972e+01
   8.5454603e+00
  -1.8045051e+01
   2.2327957e+01
  -3.4420011e+00
  -2.9928801e-02
   4.2486296e-01
  -5.0631970e+00
   8.0628820e+00
   9.2958226e+00
   7.1438473e-01
   3.4435133e+00
  -2.0110138e+01
  -6.1711297e+00
   5.1127213e+00
   6.9577846e+00
   2.5024510e+01
  -1.6079012e+00
   2.9569907e+01
   1.0771848e+01
   1.0269800e+01
   1.8418625e+01
  -1.1017327e+01
   2.8290593e+00
  -4.2124000e+00
   2.0929998e+00
  -1.7536828e+01
   1.3753072e+01
   5.9640854e+00
   1.0308865e+01
  -2.3396131e+00
   2.7792011e+01
   9.0161300e+00
   1.2388633e+00
   2.4120093e+01
  -8.9811606e+00
   2.0003717e+01
  -2.8617163e+01
   1.9815828e+01
   1.8232437e+01
   2.3710541e+01
   2.1285048e+01
   2.2201815e+01
   2.5703484e+00
   1.4358642e+01
   2.3202004e+01
   7.3517737e+00
   9.2271438e+00
   1.1725915e+01
  -3.7480310e+00
  -5.7060047e+00
   3.6679604e+01
   1.9192174e+01
   1.8421650e+01
   1.5299918e+01
   1.1900195e+01
   2.1032008e+01
   1.1839141e+01
   6.6668767e-01
   4.1312457e+00
   9.5155315e+00
   1.4054754e+01
   1.4021486e+01
   9.9311323e+00
   1.1978577e+01
   2.2114549e+01
   1.0212211e+01
   6.6196837e+00
   2.1941907e+00
   2.5881167e+00
   1.1900069e+01
  -1.1217504e+01
   1.4060047e+01
   1.0873291e+01
   6.9200428e+00
   1.8294121e+01
   1.1473127e+01
   1.9003465e+01
  -1.3582005e+00
   1.4574003e+01
  -7.6396572e+00
   4.9577846e+00
   8.7536387e+00
   1.6762334e+01
   8.2483145e+00
   3.6419255e+00
  -1.1021423e+01
   1.6567261e+01
   3.0141327e+01
  -1.6573625e+00
  -2.4210825e+00
   2.3602483e+01
   5.3061559e+00
   7.5878017e+00
  -1.4036356e+01
  -1.8404511e+01
  -8.2020037e+00
  -1.5545334e+01
   1.2079579e+01
  -1.3857224e+01
   6.1418940e+00
   6.1657741e+00
   1.7384034e+01
  -1.2553336e+01
  -2.2020667e+00
   1.2766870e+01
   4.4700397e+00
   1.3910529e+01
   2.3186945e+00
   1.1249512e+01
   5.3536639e+00
  -9.1646399e+00
   2.7393359e+00
   1.8550564e+01
   1.7206918e+01
   3.7838826e+00
   1.8436330e+01
   1.5216432e+00
   6.6928360e+00
  -2.1822632e+01
   1.7415349e+01
   1.3899439e+01
   2.7399471e+01
  -3.5644257e+00
  -2.1165018e+01
   1.7878521e+00
   5.6814315e+00
  -7.3897045e+00
   2.0941844e+01
  -8.2374142e+00
  -3.7156449e+00
   8.1692395e+00
   1.2954193e+01
   8.1181400e+00
  -1.5900825e+01
  -1.5916199e+01
   8.5253607e+00
   4.0958982e+00
  -7.8148825e-01
   1.2434440e+01
   2.5518367e+01
   2.8860185e+00
   8.4224056e+00
   2.2089786e+01
   1.2118329e+00
   1.4740281e+01
   3.4730641e+01
   8.7375717e+00
  -1.9076303e+00
  -3.1085628e+00
   8.4821372e-01
   1.8267091e+01
  -1.0338920e+01
   1.2588558e+01
   2.8119841e+00
   6.8659820e-01
  -9.6853380e+00
  -2.0371747e+00
  -3.8507340e+00
   5.5855334e+00
   2.5539916e+01
   8.4092370e+00
   7.7619558e+00
   1.5871086e+00
   6.7043665e+00
   9.2931762e+00
   8.9555794e+00
   1.3744440e+01
   1.5128158e+01
  -1.3741289e+01
   6.7753135e+00
   1.8460021e+01
   3.3931699e+00
   2.3846828e+01
  -7.2856783e+00
   9.3056518e-01
   5.7133766e+00
   1.0320018e+01
   2.3916766e+01
   1.2724970e+01
  -8.8352341e+00
   3.5144981e+01
   1.8270871e+01
   5.2082414e-01
   2.3716527e+01
   1.4540924e+01
   1.5839645e+01
  -1.2571231e+01
  -6.0987965e+00
   2.7827484e+00
  -1.5534497e+01
   3.0465314e+01
   8.7436204e+00
   5.2166845e+00
   1.5919413e+01
   2.1352782e+01
   1.9482389e+01
   5.4001638e+00
  -4.9751118e+00
   2.1003591e+01
  -5.0236910e+00
   1.8489950e+01
  -2.2563166e-01
   3.1018839e+00
   1.6616281e+01
   1.1579107e+01
  -7.7446916e+00
   2.6110516e+00
   2.7024825e+01
   2.9633293e+00
   2.8492219e-01
  -3.8263499e+00
   1.6719992e+01
   3.6658056e+00
  -9.9717094e+00
   1.6082793e+01
   7.2144162e+00
   8.9925020e+00
   2.3259656e+01
   1.1659064e+01
  -5.9028417e+00
   1.2234201e+01
   1.1890240e+00
  -5.4866738e+00
   1.0611997e+01
   2.4559133e+01
   1.6877449e+01
   1.8338227e+01
   1.7188457e+01
   9.9449310e+00
  -1.9286056e+01
  -6.8155126e+00
   2.6779031e+01
   1.2326759e+01
   2.5040325e+01
   2.2129670e+01
   1.1604562e+01
  -6.5175477e+00
  -3.0563922e+00
   1.5072144e+00
   5.2009325e+00
  -2.0437276e+01
   1.5051730e+01
   1.0533867e+01
   2.2289396e+01
   1.0126079e+01
  -7.1082477e+00
   1.5662277e+01
  -5.9196648e+00
  -2.0676706e+00
  -4.1711423e+01
  -2.4090479e+00
   5.3835927e+00
   1.0959171e+01
  -1.8590826e+01
   4.7440300e+01
   1.8485099e+01
  -2.4644950e+00
  -1.5915821e-01
  -1.9781425e+01
  -1.7150022e+01
  -1.1500221e+00
   9.8102199e+00
   1.4583202e+00
