1.000000 128415.640694
2.000000 77786.643488
3.000000 58016.450518
4.000000 47118.574283
5.000000 40096.295028
6.000000 35142.953993
7.000000 31435.514081
8.000000 28541.661433
9.000000 26211.048066
10.000000 24287.977615
11.000000 22670.185004
12.000000 21287.534903
13.000000 20090.210824
14.000000 19041.785825
15.000000 18114.964064
16.000000 17288.860068
17.000000 16547.202100
18.000000 15877.111545
19.000000 15268.252852
20.000000 14712.228554
21.000000 14202.140310
22.000000 13732.264926
23.000000 13297.811493
24.000000 12894.736804
25.000000 12519.603269
26.000000 12169.468287
27.000000 11841.797190
28.000000 11534.394077
29.000000 11245.346361
30.000000 10972.979957
31.000000 10715.822766
32.000000 10472.574736
33.000000 10242.083125
34.000000 10023.321953
35.000000 9815.374826
36.000000 9617.420500
37.000000 9428.720688
38.000000 9248.609709
39.000000 9076.485667
40.000000 8911.802887
41.000000 8754.065418
42.000000 8602.821425
43.000000 8457.658322
44.000000 8318.198549
45.000000 8184.095883
46.000000 8055.032208
47.000000 7930.714688
48.000000 7810.873264
49.000000 7695.258461
50.000000 7583.639429
51.000000 7475.802221
52.000000 7371.548247
53.000000 7270.692909
54.000000 7173.064366
55.000000 7078.502442
56.000000 6986.857637
57.000000 6897.990239
58.000000 6811.769529
59.000000 6728.073053
60.000000 6646.785978
61.000000 6567.800492
62.000000 6491.015274
63.000000 6416.335005
64.000000 6343.669922
65.000000 6272.935415
66.000000 6204.051658
67.000000 6136.943270
68.000000 6071.539005
69.000000 6007.771470
70.000000 5945.576864
71.000000 5884.894738
72.000000 5825.667774
73.000000 5767.841585
74.000000 5711.364525
75.000000 5656.187514
76.000000 5602.263886
77.000000 5549.549230
78.000000 5498.001263
79.000000 5447.579696
80.000000 5398.246119
81.000000 5349.963891
82.000000 5302.698037
83.000000 5256.415153
84.000000 5211.083320
85.000000 5166.672017
86.000000 5123.152048
87.000000 5080.495469
88.000000 5038.675519
89.000000 4997.666558
90.000000 4957.444010
91.000000 4917.984303
92.000000 4879.264825
93.000000 4841.263867
94.000000 4803.960582
95.000000 4767.334942
96.000000 4731.367695
97.000000 4696.040332
98.000000 4661.335046
99.000000 4627.234701
100.000000 4593.722801
101.000000 4560.783456
102.000000 4528.401361
103.000000 4496.561762
104.000000 4465.250435
105.000000 4434.453660
106.000000 4404.158202
107.000000 4374.351284
108.000000 4345.020572
109.000000 4316.154153
110.000000 4287.740519
111.000000 4259.768547
112.000000 4232.227485
113.000000 4205.106936
114.000000 4178.396842
115.000000 4152.087471
116.000000 4126.169406
117.000000 4100.633527
118.000000 4075.471003
119.000000 4050.673281
120.000000 4026.232073
121.000000 4002.139345
122.000000 3978.387310
123.000000 3954.968417
124.000000 3931.875341
125.000000 3909.100975
126.000000 3886.638425
127.000000 3864.480997
128.000000 3842.622191
129.000000 3821.055698
130.000000 3799.775387
131.000000 3778.775302
132.000000 3758.049657
133.000000 3737.592827
134.000000 3717.399342
135.000000 3697.463886
136.000000 3677.781285
137.000000 3658.346509
138.000000 3639.154662
139.000000 3620.200981
140.000000 3601.480827
141.000000 3582.989687
142.000000 3564.723164
143.000000 3546.676976
144.000000 3528.846952
145.000000 3511.229029
146.000000 3493.819247
147.000000 3476.613747
148.000000 3459.608765
149.000000 3442.800634
150.000000 3426.185777
151.000000 3409.760705
152.000000 3393.522014
153.000000 3377.466384
154.000000 3361.590575
155.000000 3345.891425
156.000000 3330.365848
157.000000 3315.010830
158.000000 3299.823428
159.000000 3284.800769
160.000000 3269.940048
161.000000 3255.238522
162.000000 3240.693514
163.000000 3226.302405
164.000000 3212.062639
165.000000 3197.971715
166.000000 3184.027189
167.000000 3170.226674
168.000000 3156.567831
169.000000 3143.048376
170.000000 3129.666075
171.000000 3116.418742
172.000000 3103.304237
173.000000 3090.320470
174.000000 3077.465390
175.000000 3064.736996
176.000000 3052.133324
177.000000 3039.652454
178.000000 3027.292507
179.000000 3015.051640
180.000000 3002.928052
181.000000 2990.919976
182.000000 2979.025683
183.000000 2967.243477
184.000000 2955.571700
185.000000 2944.008723
186.000000 2932.552954
187.000000 2921.202829
188.000000 2909.956818
189.000000 2898.813418
190.000000 2887.771158
191.000000 2876.828596
192.000000 2865.984316
193.000000 2855.236930
194.000000 2844.585077
195.000000 2834.027422
196.000000 2823.562655
197.000000 2813.189492
198.000000 2802.906672
199.000000 2792.712957
200.000000 2782.607133
201.000000 2772.588009
202.000000 2762.654415
203.000000 2752.805203
204.000000 2743.039246
205.000000 2733.355437
206.000000 2723.752689
207.000000 2714.229936
208.000000 2704.786129
209.000000 2695.420238
210.000000 2686.131254
211.000000 2676.918182
212.000000 2667.780047
213.000000 2658.715889
214.000000 2649.724768
215.000000 2640.805758
216.000000 2631.957948
217.000000 2623.180445
218.000000 2614.472369
219.000000 2605.832857
220.000000 2597.261060
221.000000 2588.756143
222.000000 2580.317285
223.000000 2571.943678
224.000000 2563.634529
225.000000 2555.389058
226.000000 2547.206495
227.000000 2539.086087
228.000000 2531.027091
229.000000 2523.028775
230.000000 2515.090421
231.000000 2507.211322
232.000000 2499.390781
233.000000 2491.628115
234.000000 2483.922647
235.000000 2476.273717
236.000000 2468.680670
237.000000 2461.142865
238.000000 2453.659669
239.000000 2446.230459
240.000000 2438.854622
241.000000 2431.531555
242.000000 2424.260664
243.000000 2417.041364
244.000000 2409.873078
245.000000 2402.755240
246.000000 2395.687290
247.000000 2388.668678
248.000000 2381.698862
249.000000 2374.777309
250.000000 2367.903491
251.000000 2361.076892
252.000000 2354.296999
253.000000 2347.563311
254.000000 2340.875332
255.000000 2334.232573
256.000000 2327.634553
257.000000 2321.080798
258.000000 2314.570840
259.000000 2308.104218
260.000000 2301.680479
261.000000 2295.299174
262.000000 2288.959862
263.000000 2282.662109
264.000000 2276.405486
265.000000 2270.189568
266.000000 2264.013941
267.000000 2257.878191
268.000000 2251.781915
269.000000 2245.724712
270.000000 2239.706188
271.000000 2233.725954
272.000000 2227.783626
273.000000 2221.878826
274.000000 2216.011181
275.000000 2210.180323
276.000000 2204.385889
277.000000 2198.627520
278.000000 2192.904864
279.000000 2187.217570
280.000000 2181.565295
281.000000 2175.947701
282.000000 2170.364450
283.000000 2164.815213
284.000000 2159.299664
285.000000 2153.817481
286.000000 2148.368345
287.000000 2142.951943
288.000000 2137.567965
289.000000 2132.216106
290.000000 2126.896064
291.000000 2121.607540
292.000000 2116.350241
293.000000 2111.123877
294.000000 2105.928161
295.000000 2100.762809
296.000000 2095.627543
297.000000 2090.522086
298.000000 2085.446166
299.000000 2080.399513
300.000000 2075.381862
301.000000 2070.392951
302.000000 2065.432520
303.000000 2060.500312
304.000000 2055.596076
305.000000 2050.719560
306.000000 2045.870519
307.000000 2041.048709
308.000000 2036.253888
309.000000 2031.485819
310.000000 2026.744266
311.000000 2022.028998
312.000000 2017.339784
313.000000 2012.676399
314.000000 2008.038617
315.000000 2003.426218
316.000000 1998.838982
317.000000 1994.276694
318.000000 1989.739139
319.000000 1985.226107
320.000000 1980.737388
321.000000 1976.272777
322.000000 1971.832068
323.000000 1967.415062
324.000000 1963.021557
325.000000 1958.651359
326.000000 1954.304270
327.000000 1949.980100
328.000000 1945.678657
329.000000 1941.399754
330.000000 1937.143204
331.000000 1932.908824
332.000000 1928.696431
333.000000 1924.505845
334.000000 1920.336890
335.000000 1916.189388
336.000000 1912.063166
337.000000 1907.958052
338.000000 1903.873875
339.000000 1899.810468
340.000000 1895.767664
341.000000 1891.745299
342.000000 1887.743209
343.000000 1883.761233
344.000000 1879.799213
345.000000 1875.856991
346.000000 1871.934410
347.000000 1868.031317
348.000000 1864.147559
349.000000 1860.282985
350.000000 1856.437446
351.000000 1852.610794
352.000000 1848.802883
353.000000 1845.013568
354.000000 1841.242706
355.000000 1837.490156
356.000000 1833.755777
357.000000 1830.039431
358.000000 1826.340980
359.000000 1822.660289
360.000000 1818.997223
361.000000 1815.351650
362.000000 1811.723437
363.000000 1808.112454
364.000000 1804.518573
365.000000 1800.941666
366.000000 1797.381606
367.000000 1793.838269
368.000000 1790.311530
369.000000 1786.801267
370.000000 1783.307358
371.000000 1779.829685
372.000000 1776.368127
373.000000 1772.922567
374.000000 1769.492889
375.000000 1766.078977
376.000000 1762.680716
377.000000 1759.297995
378.000000 1755.930700
379.000000 1752.578721
380.000000 1749.241949
381.000000 1745.920274
382.000000 1742.613588
383.000000 1739.321786
384.000000 1736.044761
385.000000 1732.782409
386.000000 1729.534626
387.000000 1726.301310
388.000000 1723.082360
389.000000 1719.877674
390.000000 1716.687154
391.000000 1713.510699
392.000000 1710.348213
393.000000 1707.199599
394.000000 1704.064761
395.000000 1700.943604
396.000000 1697.836033
397.000000 1694.741956
398.000000 1691.661280
399.000000 1688.593914
400.000000 1685.539766
401.000000 1682.498748
402.000000 1679.470770
403.000000 1676.455744
404.000000 1673.453583
405.000000 1670.464200
406.000000 1667.487510
407.000000 1664.523427
408.000000 1661.571867
409.000000 1658.632748
410.000000 1655.705985
411.000000 1652.791498
412.000000 1649.889206
413.000000 1646.999027
414.000000 1644.120882
415.000000 1641.254692
416.000000 1638.400378
417.000000 1635.557864
418.000000 1632.727073
419.000000 1629.907927
420.000000 1627.100352
421.000000 1624.304273
422.000000 1621.519615
423.000000 1618.746305
424.000000 1615.984270
425.000000 1613.233438
426.000000 1610.493737
427.000000 1607.765096
428.000000 1605.047444
429.000000 1602.340713
430.000000 1599.644832
431.000000 1596.959734
432.000000 1594.285349
433.000000 1591.621612
434.000000 1588.968454
435.000000 1586.325810
436.000000 1583.693614
437.000000 1581.071801
438.000000 1578.460306
439.000000 1575.859065
440.000000 1573.268015
441.000000 1570.687093
442.000000 1568.116237
443.000000 1565.555383
444.000000 1563.004472
445.000000 1560.463443
446.000000 1557.932234
447.000000 1555.410786
448.000000 1552.899040
449.000000 1550.396937
450.000000 1547.904418
451.000000 1545.421426
452.000000 1542.947903
453.000000 1540.483792
454.000000 1538.029038
455.000000 1535.583582
456.000000 1533.147371
457.000000 1530.720350
458.000000 1528.302462
459.000000 1525.893655
460.000000 1523.493874
461.000000 1521.103067
462.000000 1518.721179
463.000000 1516.348160
464.000000 1513.983956
465.000000 1511.628516
466.000000 1509.281788
467.000000 1506.943723
468.000000 1504.614270
469.000000 1502.293378
470.000000 1499.980997
471.000000 1497.677080
472.000000 1495.381576
473.000000 1493.094438
474.000000 1490.815617
475.000000 1488.545066
476.000000 1486.282737
477.000000 1484.028583
478.000000 1481.782558
479.000000 1479.544616
480.000000 1477.314710
481.000000 1475.092795
482.000000 1472.878827
483.000000 1470.672759
484.000000 1468.474549
485.000000 1466.284151
486.000000 1464.101521
487.000000 1461.926617
488.000000 1459.759395
489.000000 1457.599813
490.000000 1455.447827
491.000000 1453.303397
492.000000 1451.166479
493.000000 1449.037033
494.000000 1446.915017
495.000000 1444.800390
496.000000 1442.693112
497.000000 1440.593143
498.000000 1438.500442
499.000000 1436.414970
500.000000 1434.336687
501.000000 1432.265555
502.000000 1430.201535
503.000000 1428.144587
504.000000 1426.094675
505.000000 1424.051759
506.000000 1422.015803
507.000000 1419.986768
508.000000 1417.964618
509.000000 1415.949316
510.000000 1413.940825
511.000000 1411.939110
512.000000 1409.944133
513.000000 1407.955859
514.000000 1405.974253
515.000000 1403.999280
516.000000 1402.030903
517.000000 1400.069090
518.000000 1398.113804
519.000000 1396.165013
520.000000 1394.222681
521.000000 1392.286775
522.000000 1390.357262
523.000000 1388.434107
524.000000 1386.517280
525.000000 1384.606745
526.000000 1382.702471
527.000000 1380.804426
528.000000 1378.912576
529.000000 1377.026891
530.000000 1375.147339
531.000000 1373.273888
532.000000 1371.406507
533.000000 1369.545165
534.000000 1367.689831
535.000000 1365.840475
536.000000 1363.997065
537.000000 1362.159573
538.000000 1360.327968
539.000000 1358.502220
540.000000 1356.682300
541.000000 1354.868178
542.000000 1353.059826
543.000000 1351.257213
544.000000 1349.460313
545.000000 1347.669095
546.000000 1345.883532
547.000000 1344.103596
548.000000 1342.329258
549.000000 1340.560491
550.000000 1338.797267
551.000000 1337.039559
552.000000 1335.287340
553.000000 1333.540582
554.000000 1331.799259
555.000000 1330.063344
556.000000 1328.332810
557.000000 1326.607631
558.000000 1324.887782
559.000000 1323.173235
560.000000 1321.463966
561.000000 1319.759949
562.000000 1318.061158
563.000000 1316.367567
564.000000 1314.679153
565.000000 1312.995889
566.000000 1311.317752
567.000000 1309.644716
568.000000 1307.976756
569.000000 1306.313850
570.000000 1304.655972
571.000000 1303.003099
572.000000 1301.355206
573.000000 1299.712270
574.000000 1298.074268
575.000000 1296.441176
576.000000 1294.812971
577.000000 1293.189630
578.000000 1291.571129
579.000000 1289.957447
580.000000 1288.348561
581.000000 1286.744447
582.000000 1285.145084
583.000000 1283.550450
584.000000 1281.960522
585.000000 1280.375278
586.000000 1278.794698
587.000000 1277.218758
588.000000 1275.647438
589.000000 1274.080717
590.000000 1272.518572
591.000000 1270.960983
592.000000 1269.407930
593.000000 1267.859390
594.000000 1266.315344
595.000000 1264.775771
596.000000 1263.240650
597.000000 1261.709961
598.000000 1260.183685
599.000000 1258.661800
600.000000 1257.144287
601.000000 1255.631126
602.000000 1254.122298
603.000000 1252.617782
604.000000 1251.117560
605.000000 1249.621612
606.000000 1248.129919
607.000000 1246.642461
608.000000 1245.159221
609.000000 1243.680178
610.000000 1242.205314
611.000000 1240.734611
612.000000 1239.268051
613.000000 1237.805613
614.000000 1236.347281
615.000000 1234.893036
616.000000 1233.442861
617.000000 1231.996736
618.000000 1230.554645
619.000000 1229.116569
620.000000 1227.682491
621.000000 1226.252394
622.000000 1224.826259
623.000000 1223.404070
624.000000 1221.985809
625.000000 1220.571460
626.000000 1219.161004
627.000000 1217.754426
628.000000 1216.351709
629.000000 1214.952835
630.000000 1213.557789
631.000000 1212.166553
632.000000 1210.779111
633.000000 1209.395447
634.000000 1208.015545
635.000000 1206.639389
636.000000 1205.266961
637.000000 1203.898248
638.000000 1202.533232
639.000000 1201.171898
640.000000 1199.814230
641.000000 1198.460213
642.000000 1197.109831
643.000000 1195.763069
644.000000 1194.419911
645.000000 1193.080342
646.000000 1191.744348
647.000000 1190.411913
648.000000 1189.083022
649.000000 1187.757660
650.000000 1186.435812
651.000000 1185.117464
652.000000 1183.802602
653.000000 1182.491209
654.000000 1181.183273
655.000000 1179.878779
656.000000 1178.577712
657.000000 1177.280059
658.000000 1175.985804
659.000000 1174.694935
660.000000 1173.407437
661.000000 1172.123296
662.000000 1170.842498
663.000000 1169.565030
664.000000 1168.290878
665.000000 1167.020029
666.000000 1165.752468
667.000000 1164.488183
668.000000 1163.227160
669.000000 1161.969386
670.000000 1160.714847
671.000000 1159.463531
672.000000 1158.215425
673.000000 1156.970514
674.000000 1155.728788
675.000000 1154.490232
676.000000 1153.254834
677.000000 1152.022581
678.000000 1150.793461
679.000000 1149.567461
680.000000 1148.344568
681.000000 1147.124770
682.000000 1145.908056
683.000000 1144.694411
684.000000 1143.483825
685.000000 1142.276285
686.000000 1141.071778
687.000000 1139.870294
688.000000 1138.671819
689.000000 1137.476343
690.000000 1136.283853
691.000000 1135.094337
692.000000 1133.907784
693.000000 1132.724182
694.000000 1131.543520
695.000000 1130.365786
696.000000 1129.190968
697.000000 1128.019055
698.000000 1126.850036
699.000000 1125.683900
700.000000 1124.520635
701.000000 1123.360230
702.000000 1122.202674
703.000000 1121.047956
704.000000 1119.896065
705.000000 1118.746991
706.000000 1117.600721
707.000000 1116.457246
708.000000 1115.316555
709.000000 1114.178636
710.000000 1113.043480
711.000000 1111.911076
712.000000 1110.781413
713.000000 1109.654481
714.000000 1108.530269
715.000000 1107.408767
716.000000 1106.289965
717.000000 1105.173853
718.000000 1104.060419
719.000000 1102.949655
720.000000 1101.841549
721.000000 1100.736093
722.000000 1099.633275
723.000000 1098.533087
724.000000 1097.435517
725.000000 1096.340557
726.000000 1095.248196
727.000000 1094.158426
728.000000 1093.071235
729.000000 1091.986614
730.000000 1090.904555
731.000000 1089.825046
732.000000 1088.748080
733.000000 1087.673645
734.000000 1086.601734
735.000000 1085.532336
736.000000 1084.465443
737.000000 1083.401045
738.000000 1082.339132
739.000000 1081.279696
740.000000 1080.222728
741.000000 1079.168218
742.000000 1078.116158
743.000000 1077.066538
744.000000 1076.019350
745.000000 1074.974584
746.000000 1073.932232
747.000000 1072.892285
748.000000 1071.854735
749.000000 1070.819572
750.000000 1069.786788
751.000000 1068.756374
752.000000 1067.728321
753.000000 1066.702622
754.000000 1065.679268
755.000000 1064.658249
756.000000 1063.639558
757.000000 1062.623187
758.000000 1061.609127
759.000000 1060.597369
760.000000 1059.587906
761.000000 1058.580729
762.000000 1057.575831
763.000000 1056.573202
764.000000 1055.572835
765.000000 1054.574722
766.000000 1053.578855
767.000000 1052.585225
768.000000 1051.593826
769.000000 1050.604648
770.000000 1049.617685
771.000000 1048.632928
772.000000 1047.650369
773.000000 1046.670001
774.000000 1045.691817
775.000000 1044.715807
776.000000 1043.741966
777.000000 1042.770284
778.000000 1041.800755
779.000000 1040.833372
780.000000 1039.868126
781.000000 1038.905010
782.000000 1037.944016
783.000000 1036.985138
784.000000 1036.028368
785.000000 1035.073699
786.000000 1034.121123
787.000000 1033.170633
788.000000 1032.222223
789.000000 1031.275884
790.000000 1030.331609
791.000000 1029.389392
792.000000 1028.449226
793.000000 1027.511102
794.000000 1026.575016
795.000000 1025.640958
796.000000 1024.708923
797.000000 1023.778904
798.000000 1022.850893
799.000000 1021.924884
800.000000 1021.000870
801.000000 1020.078844
802.000000 1019.158800
803.000000 1018.240731
804.000000 1017.324629
805.000000 1016.410489
806.000000 1015.498304
807.000000 1014.588067
808.000000 1013.679771
809.000000 1012.773411
810.000000 1011.868979
811.000000 1010.966469
812.000000 1010.065875
813.000000 1009.167190
814.000000 1008.270408
815.000000 1007.375522
816.000000 1006.482526
817.000000 1005.591415
818.000000 1004.702181
819.000000 1003.814818
820.000000 1002.929320
821.000000 1002.045681
822.000000 1001.163895
823.000000 1000.283956
824.000000 999.405857
825.000000 998.529592
826.000000 997.655156
827.000000 996.782543
828.000000 995.911745
829.000000 995.042759
830.000000 994.175576
831.000000 993.310192
832.000000 992.446601
833.000000 991.584797
834.000000 990.724773
835.000000 989.866525
836.000000 989.010046
837.000000 988.155331
838.000000 987.302374
839.000000 986.451168
840.000000 985.601710
841.000000 984.753992
842.000000 983.908009
843.000000 983.063756
844.000000 982.221227
845.000000 981.380417
846.000000 980.541319
847.000000 979.703929
848.000000 978.868241
849.000000 978.034249
850.000000 977.201948
851.000000 976.371333
852.000000 975.542399
853.000000 974.715139
854.000000 973.889548
855.000000 973.065622
856.000000 972.243355
857.000000 971.422741
858.000000 970.603776
859.000000 969.786454
860.000000 968.970770
861.000000 968.156719
862.000000 967.344295
863.000000 966.533494
864.000000 965.724311
865.000000 964.916739
866.000000 964.110775
867.000000 963.306413
868.000000 962.503648
869.000000 961.702475
870.000000 960.902890
871.000000 960.104886
872.000000 959.308460
873.000000 958.513606
874.000000 957.720320
875.000000 956.928596
876.000000 956.138430
877.000000 955.349817
878.000000 954.562751
879.000000 953.777229
880.000000 952.993246
881.000000 952.210796
882.000000 951.429875
883.000000 950.650478
884.000000 949.872601
885.000000 949.096239
886.000000 948.321387
887.000000 947.548040
888.000000 946.776195
889.000000 946.005846
890.000000 945.236989
891.000000 944.469618
892.000000 943.703731
893.000000 942.939322
894.000000 942.176386
895.000000 941.414920
896.000000 940.654918
897.000000 939.896377
898.000000 939.139291
899.000000 938.383657
900.000000 937.629470
901.000000 936.876726
902.000000 936.125419
903.000000 935.375547
904.000000 934.627105
905.000000 933.880088
906.000000 933.134491
907.000000 932.390312
908.000000 931.647545
909.000000 930.906187
910.000000 930.166232
911.000000 929.427678
912.000000 928.690519
913.000000 927.954752
914.000000 927.220372
915.000000 926.487375
916.000000 925.755758
917.000000 925.025515
918.000000 924.296644
919.000000 923.569140
920.000000 922.842998
921.000000 922.118215
922.000000 921.394787
923.000000 920.672710
924.000000 919.951980
925.000000 919.232593
926.000000 918.514544
927.000000 917.797831
928.000000 917.082449
929.000000 916.368393
930.000000 915.655662
931.000000 914.944249
932.000000 914.234152
933.000000 913.525367
934.000000 912.817890
935.000000 912.111717
936.000000 911.406844
937.000000 910.703267
938.000000 910.000984
939.000000 909.299989
940.000000 908.600280
941.000000 907.901852
942.000000 907.204702
943.000000 906.508826
944.000000 905.814221
945.000000 905.120883
946.000000 904.428807
947.000000 903.737991
948.000000 903.048432
949.000000 902.360124
950.000000 901.673065
951.000000 900.987251
952.000000 900.302679
953.000000 899.619345
954.000000 898.937245
955.000000 898.256377
956.000000 897.576736
957.000000 896.898318
958.000000 896.221122
959.000000 895.545142
960.000000 894.870376
961.000000 894.196820
962.000000 893.524471
963.000000 892.853325
964.000000 892.183379
965.000000 891.514629
966.000000 890.847073
967.000000 890.180706
968.000000 889.515526
969.000000 888.851529
970.000000 888.188712
971.000000 887.527071
972.000000 886.866603
973.000000 886.207305
974.000000 885.549174
975.000000 884.892206
976.000000 884.236399
977.000000 883.581748
978.000000 882.928251
979.000000 882.275904
980.000000 881.624704
981.000000 880.974649
982.000000 880.325734
983.000000 879.677957
984.000000 879.031315
985.000000 878.385804
986.000000 877.741422
987.000000 877.098165
988.000000 876.456029
989.000000 875.815013
990.000000 875.175113
991.000000 874.536325
992.000000 873.898648
993.000000 873.262077
994.000000 872.626610
995.000000 871.992244
996.000000 871.358975
997.000000 870.726801
998.000000 870.095719
999.000000 869.465725
1000.000000 868.836817
1001.000000 868.208992
1002.000000 867.582247
1003.000000 866.956579
1004.000000 866.331985
1005.000000 865.708462
1006.000000 865.086007
1007.000000 864.464618
1008.000000 863.844291
1009.000000 863.225023
1010.000000 862.606812
1011.000000 861.989656
1012.000000 861.373550
1013.000000 860.758492
1014.000000 860.144480
1015.000000 859.531510
1016.000000 858.919580
1017.000000 858.308688
1018.000000 857.698829
1019.000000 857.090002
1020.000000 856.482203
1021.000000 855.875431
1022.000000 855.269682
1023.000000 854.664953
1024.000000 854.061242
