1.000000 37951278.471127
2.000000 9268339.172795
3.000000 4063250.039885
4.000000 2263483.984797
5.000000 1437755.910268
6.000000 992313.856888
7.000000 725262.075942
8.000000 552780.779157
9.000000 435031.481197
10.000000 351124.124427
11.000000 289252.848326
12.000000 242339.698740
13.000000 205933.301855
14.000000 177121.171665
15.000000 153933.200542
16.000000 134998.344083
17.000000 119338.767377
18.000000 106241.989230
19.000000 95179.001703
20.000000 85750.404414
21.000000 77650.115562
22.000000 70640.400350
23.000000 64534.357209
24.000000 59183.421836
25.000000 54468.311498
26.000000 50292.368675
27.000000 46576.604387
28.000000 43255.962903
29.000000 40276.475758
30.000000 37593.071171
31.000000 35167.871971
32.000000 32968.861423
33.000000 30968.828847
34.000000 29144.529962
35.000000 27476.013409
36.000000 25946.076924
37.000000 24539.825413
38.000000 23244.309690
39.000000 22048.229485
40.000000 20941.687983
41.000000 19915.987938
42.000000 18963.461491
43.000000 18077.327500
44.000000 17251.571386
45.000000 16480.843556
46.000000 15760.373168
47.000000 15085.894662
48.000000 14453.584940
49.000000 13860.009464
50.000000 13302.075858
51.000000 12776.993842
52.000000 12282.240532
53.000000 11815.530303
54.000000 11374.788528
55.000000 10958.128659
56.000000 10563.832144
57.000000 10190.330815
58.000000 9836.191376
59.000000 9500.101739
60.000000 9180.858938
61.000000 8877.358428
62.000000 8588.584589
63.000000 8313.602278
64.000000 8051.549305
65.000000 7801.629716
66.000000 7563.107782
67.000000 7335.302623
68.000000 7117.583375
69.000000 6909.364851
70.000000 6710.103629
71.000000 6519.294536
72.000000 6336.467461
73.000000 6161.184477
74.000000 5993.037240
75.000000 5831.644619
76.000000 5676.650556
77.000000 5527.722114
78.000000 5384.547695
79.000000 5246.835429
80.000000 5114.311689
81.000000 4986.719743
82.000000 4863.818522
83.000000 4745.381483
84.000000 4631.195577
85.000000 4521.060292
86.000000 4414.786783
87.000000 4312.197067
88.000000 4213.123281
89.000000 4117.407000
90.000000 4024.898609
91.000000 3935.456723
92.000000 3848.947648
93.000000 3765.244886
94.000000 3684.228677
95.000000 3605.785569
96.000000 3529.808030
97.000000 3456.194076
98.000000 3384.846936
99.000000 3315.674731
100.000000 3248.590185
101.000000 3183.510348
102.000000 3120.356344
103.000000 3059.053131
104.000000 2999.529282
105.000000 2941.716777
106.000000 2885.550810
107.000000 2830.969611
108.000000 2777.914272
109.000000 2726.328594
110.000000 2676.158938
111.000000 2627.354087
112.000000 2579.865112
113.000000 2533.645256
114.000000 2488.649818
115.000000 2444.836043
116.000000 2402.163024
117.000000 2360.591604
118.000000 2320.084293
119.000000 2280.605177
120.000000 2242.119843
121.000000 2204.595303
122.000000 2167.999925
123.000000 2132.303365
124.000000 2097.476507
125.000000 2063.491401
126.000000 2030.321211
127.000000 1997.940159
128.000000 1966.323477
129.000000 1935.447359
130.000000 1905.288918
131.000000 1875.826143
132.000000 1847.037859
133.000000 1818.903688
134.000000 1791.404016
135.000000 1764.519957
136.000000 1738.233321
137.000000 1712.526585
138.000000 1687.382863
139.000000 1662.785875
140.000000 1638.719928
141.000000 1615.169885
142.000000 1592.121145
143.000000 1569.559618
144.000000 1547.471705
145.000000 1525.844277
146.000000 1504.664658
147.000000 1483.920602
148.000000 1463.600280
149.000000 1443.692261
150.000000 1424.185494
151.000000 1405.069297
152.000000 1386.333342
153.000000 1367.967637
154.000000 1349.962517
155.000000 1332.308629
156.000000 1314.996921
157.000000 1298.018631
158.000000 1281.365274
159.000000 1265.028634
160.000000 1249.000752
161.000000 1233.273918
162.000000 1217.840658
163.000000 1202.693731
164.000000 1187.826117
165.000000 1173.231008
166.000000 1158.901804
167.000000 1144.832102
168.000000 1131.015689
169.000000 1117.446540
170.000000 1104.118804
171.000000 1091.026805
172.000000 1078.165030
173.000000 1065.528127
174.000000 1053.110899
175.000000 1040.908298
176.000000 1028.915418
177.000000 1017.127494
178.000000 1005.539895
179.000000 994.148121
180.000000 982.947794
181.000000 971.934661
182.000000 961.104584
183.000000 950.453540
184.000000 939.977616
185.000000 929.673003
186.000000 919.535997
187.000000 909.562992
188.000000 899.750478
189.000000 890.095042
190.000000 880.593355
191.000000 871.242181
192.000000 862.038365
193.000000 852.978836
194.000000 844.060602
195.000000 835.280748
196.000000 826.636433
197.000000 818.124889
198.000000 809.743419
199.000000 801.489393
200.000000 793.360247
201.000000 785.353482
202.000000 777.466659
203.000000 769.697401
204.000000 762.043391
205.000000 754.502365
206.000000 747.072117
207.000000 739.750494
208.000000 732.535394
209.000000 725.424767
210.000000 718.416610
211.000000 711.508970
212.000000 704.699939
213.000000 697.987653
214.000000 691.370294
215.000000 684.846084
216.000000 678.413289
217.000000 672.070214
218.000000 665.815201
219.000000 659.646633
220.000000 653.562929
221.000000 647.562543
222.000000 641.643965
223.000000 635.805719
224.000000 630.046360
225.000000 624.364480
226.000000 618.758696
227.000000 613.227661
228.000000 607.770055
229.000000 602.384587
230.000000 597.069996
231.000000 591.825045
232.000000 586.648528
233.000000 581.539262
234.000000 576.496090
235.000000 571.517880
236.000000 566.603524
237.000000 561.751939
238.000000 556.962062
239.000000 552.232854
240.000000 547.563297
241.000000 542.952396
242.000000 538.399175
243.000000 533.902678
244.000000 529.461969
245.000000 525.076133
246.000000 520.744270
247.000000 516.465502
248.000000 512.238967
249.000000 508.063820
250.000000 503.939234
251.000000 499.864397
252.000000 495.838516
253.000000 491.860812
254.000000 487.930520
255.000000 484.046893
256.000000 480.209196
257.000000 476.416710
258.000000 472.668729
259.000000 468.964563
260.000000 465.303532
261.000000 461.684971
262.000000 458.108228
263.000000 454.572662
264.000000 451.077646
265.000000 447.622563
266.000000 444.206809
267.000000 440.829791
268.000000 437.490927
269.000000 434.189647
270.000000 430.925389
271.000000 427.697604
272.000000 424.505751
273.000000 421.349302
274.000000 418.227735
275.000000 415.140540
276.000000 412.087216
277.000000 409.067270
278.000000 406.080219
279.000000 403.125588
280.000000 400.202910
281.000000 397.311729
282.000000 394.451595
283.000000 391.622065
284.000000 388.822706
285.000000 386.053091
286.000000 383.312802
287.000000 380.601427
288.000000 377.918563
289.000000 375.263811
290.000000 372.636782
291.000000 370.037092
292.000000 367.464364
293.000000 364.918227
294.000000 362.398317
295.000000 359.904277
296.000000 357.435753
297.000000 354.992401
298.000000 352.573881
299.000000 350.179857
300.000000 347.810001
301.000000 345.463990
302.000000 343.141505
303.000000 340.842234
304.000000 338.565870
305.000000 336.312110
306.000000 334.080657
307.000000 331.871217
308.000000 329.683504
309.000000 327.517234
310.000000 325.372128
311.000000 323.247913
312.000000 321.144319
313.000000 319.061080
314.000000 316.997935
315.000000 314.954628
316.000000 312.930906
317.000000 310.926520
318.000000 308.941225
319.000000 306.974779
320.000000 305.026947
321.000000 303.097494
322.000000 301.186190
323.000000 299.292809
324.000000 297.417129
325.000000 295.558929
326.000000 293.717995
327.000000 291.894113
328.000000 290.087074
329.000000 288.296672
330.000000 286.522704
331.000000 284.764969
332.000000 283.023271
333.000000 281.297417
334.000000 279.587214
335.000000 277.892475
336.000000 276.213014
337.000000 274.548649
338.000000 272.899200
339.000000 271.264490
340.000000 269.644343
341.000000 268.038589
342.000000 266.447057
343.000000 264.869581
344.000000 263.305996
345.000000 261.756140
346.000000 260.219852
347.000000 258.696976
348.000000 257.187357
349.000000 255.690841
350.000000 254.207277
351.000000 252.736517
352.000000 251.278414
353.000000 249.832825
354.000000 248.399605
355.000000 246.978616
356.000000 245.569719
357.000000 244.172778
358.000000 242.787657
359.000000 241.414224
360.000000 240.052349
361.000000 238.701902
362.000000 237.362757
363.000000 236.034788
364.000000 234.717871
365.000000 233.411884
366.000000 232.116707
367.000000 230.832221
368.000000 229.558310
369.000000 228.294858
370.000000 227.041751
371.000000 225.798876
372.000000 224.566124
373.000000 223.343384
374.000000 222.130549
375.000000 220.927512
376.000000 219.734168
377.000000 218.550414
378.000000 217.376148
379.000000 216.211269
380.000000 215.055677
381.000000 213.909274
382.000000 212.771963
383.000000 211.643649
384.000000 210.524237
385.000000 209.413634
386.000000 208.311748
387.000000 207.218488
388.000000 206.133766
389.000000 205.057491
390.000000 203.989578
391.000000 202.929939
392.000000 201.878491
393.000000 200.835149
394.000000 199.799829
395.000000 198.772451
396.000000 197.752934
397.000000 196.741197
398.000000 195.737162
399.000000 194.740751
400.000000 193.751888
401.000000 192.770496
402.000000 191.796501
403.000000 190.829829
404.000000 189.870407
405.000000 188.918162
406.000000 187.973024
407.000000 187.034922
408.000000 186.103786
409.000000 185.179548
410.000000 184.262141
411.000000 183.351497
412.000000 182.447550
413.000000 181.550235
414.000000 180.659487
415.000000 179.775242
416.000000 178.897438
417.000000 178.026012
418.000000 177.160904
419.000000 176.302051
420.000000 175.449394
421.000000 174.602874
422.000000 173.762432
423.000000 172.928011
424.000000 172.099553
425.000000 171.277001
426.000000 170.460300
427.000000 169.649394
428.000000 168.844230
429.000000 168.044752
430.000000 167.250908
431.000000 166.462645
432.000000 165.679912
433.000000 164.902656
434.000000 164.130826
435.000000 163.364373
436.000000 162.603247
437.000000 161.847399
438.000000 161.096779
439.000000 160.351341
440.000000 159.611037
441.000000 158.875819
442.000000 158.145642
443.000000 157.420459
444.000000 156.700226
445.000000 155.984897
446.000000 155.274428
447.000000 154.568775
448.000000 153.867896
449.000000 153.171747
450.000000 152.480285
451.000000 151.793470
452.000000 151.111259
453.000000 150.433611
454.000000 149.760487
455.000000 149.091846
456.000000 148.427648
457.000000 147.767855
458.000000 147.112427
459.000000 146.461326
460.000000 145.814514
461.000000 145.171954
462.000000 144.533609
463.000000 143.899442
464.000000 143.269417
465.000000 142.643497
466.000000 142.021648
467.000000 141.403834
468.000000 140.790021
469.000000 140.180174
470.000000 139.574259
471.000000 138.972242
472.000000 138.374090
473.000000 137.779771
474.000000 137.189252
475.000000 136.602500
476.000000 136.019483
477.000000 135.440171
478.000000 134.864531
479.000000 134.292534
480.000000 133.724147
481.000000 133.159342
482.000000 132.598088
483.000000 132.040355
484.000000 131.486115
485.000000 130.935338
486.000000 130.387995
487.000000 129.844058
488.000000 129.303499
489.000000 128.766291
490.000000 128.232404
491.000000 127.701813
492.000000 127.174491
493.000000 126.650410
494.000000 126.129544
495.000000 125.611867
496.000000 125.097353
497.000000 124.585977
498.000000 124.077712
499.000000 123.572534
500.000000 123.070419
501.000000 122.571341
502.000000 122.075275
503.000000 121.582199
504.000000 121.092088
505.000000 120.604918
506.000000 120.120666
507.000000 119.639308
508.000000 119.160822
509.000000 118.685186
510.000000 118.212375
511.000000 117.742369
512.000000 117.275145
513.000000 116.810682
514.000000 116.348957
515.000000 115.889949
516.000000 115.433637
517.000000 114.980000
518.000000 114.529017
519.000000 114.080668
520.000000 113.634932
521.000000 113.191789
522.000000 112.751219
523.000000 112.313202
524.000000 111.877718
525.000000 111.444748
526.000000 111.014274
527.000000 110.586274
528.000000 110.160732
529.000000 109.737628
530.000000 109.316943
531.000000 108.898659
532.000000 108.482758
533.000000 108.069222
534.000000 107.658034
535.000000 107.249175
536.000000 106.842627
537.000000 106.438375
538.000000 106.036399
539.000000 105.636684
540.000000 105.239213
541.000000 104.843968
542.000000 104.450933
543.000000 104.060093
544.000000 103.671429
545.000000 103.284928
546.000000 102.900571
547.000000 102.518345
548.000000 102.138232
549.000000 101.760218
550.000000 101.384288
551.000000 101.010425
552.000000 100.638615
553.000000 100.268842
554.000000 99.901093
555.000000 99.535352
556.000000 99.171605
557.000000 98.809837
558.000000 98.450035
559.000000 98.092183
560.000000 97.736268
561.000000 97.382276
562.000000 97.030193
563.000000 96.680005
564.000000 96.331700
565.000000 95.985263
566.000000 95.640681
567.000000 95.297941
568.000000 94.957031
569.000000 94.617936
570.000000 94.280644
571.000000 93.945143
572.000000 93.611420
573.000000 93.279462
574.000000 92.949257
575.000000 92.620792
576.000000 92.294056
577.000000 91.969036
578.000000 91.645721
579.000000 91.324098
580.000000 91.004156
581.000000 90.685884
582.000000 90.369269
583.000000 90.054299
584.000000 89.740965
585.000000 89.429254
586.000000 89.119156
587.000000 88.810658
588.000000 88.503751
589.000000 88.198424
590.000000 87.894665
591.000000 87.592464
592.000000 87.291810
593.000000 86.992693
594.000000 86.695103
595.000000 86.399028
596.000000 86.104459
597.000000 85.811386
598.000000 85.519798
599.000000 85.229686
600.000000 84.941040
601.000000 84.653849
602.000000 84.368104
603.000000 84.083796
604.000000 83.800915
605.000000 83.519451
606.000000 83.239394
607.000000 82.960736
608.000000 82.683468
609.000000 82.407579
610.000000 82.133062
611.000000 81.859906
612.000000 81.588104
613.000000 81.317645
614.000000 81.048521
615.000000 80.780724
616.000000 80.514245
617.000000 80.249075
618.000000 79.985206
619.000000 79.722628
620.000000 79.461335
621.000000 79.201317
622.000000 78.942566
623.000000 78.685074
624.000000 78.428833
625.000000 78.173834
626.000000 77.920071
627.000000 77.667534
628.000000 77.416216
629.000000 77.166110
630.000000 76.917206
631.000000 76.669499
632.000000 76.422979
633.000000 76.177641
634.000000 75.933475
635.000000 75.690474
636.000000 75.448632
637.000000 75.207941
638.000000 74.968393
639.000000 74.729982
640.000000 74.492700
641.000000 74.256540
642.000000 74.021495
643.000000 73.787558
644.000000 73.554723
645.000000 73.322981
646.000000 73.092327
647.000000 72.862754
648.000000 72.634255
649.000000 72.406823
650.000000 72.180451
651.000000 71.955134
652.000000 71.730864
653.000000 71.507635
654.000000 71.285442
655.000000 71.064276
656.000000 70.844132
657.000000 70.625004
658.000000 70.406886
659.000000 70.189771
660.000000 69.973653
661.000000 69.758527
662.000000 69.544385
663.000000 69.331222
664.000000 69.119033
665.000000 68.907811
666.000000 68.697550
667.000000 68.488245
668.000000 68.279890
669.000000 68.072479
670.000000 67.866006
671.000000 67.660467
672.000000 67.455854
673.000000 67.252163
674.000000 67.049388
675.000000 66.847524
676.000000 66.646565
677.000000 66.446506
678.000000 66.247341
679.000000 66.049066
680.000000 65.851674
681.000000 65.655162
682.000000 65.459522
683.000000 65.264751
684.000000 65.070843
685.000000 64.877794
686.000000 64.685597
687.000000 64.494249
688.000000 64.303744
689.000000 64.114076
690.000000 63.925243
691.000000 63.737237
692.000000 63.550055
693.000000 63.363692
694.000000 63.178144
695.000000 62.993404
696.000000 62.809469
697.000000 62.626334
698.000000 62.443995
699.000000 62.262446
700.000000 62.081684
701.000000 61.901703
702.000000 61.722499
703.000000 61.544069
704.000000 61.366406
705.000000 61.189508
706.000000 61.013369
707.000000 60.837985
708.000000 60.663353
709.000000 60.489467
710.000000 60.316323
711.000000 60.143918
712.000000 59.972247
713.000000 59.801306
714.000000 59.631090
715.000000 59.461597
716.000000 59.292821
717.000000 59.124758
718.000000 58.957405
719.000000 58.790758
720.000000 58.624813
721.000000 58.459565
722.000000 58.295011
723.000000 58.131147
724.000000 57.967969
725.000000 57.805474
726.000000 57.643657
727.000000 57.482515
728.000000 57.322043
729.000000 57.162240
730.000000 57.003100
731.000000 56.844619
732.000000 56.686796
733.000000 56.529625
734.000000 56.373103
735.000000 56.217226
736.000000 56.061992
737.000000 55.907397
738.000000 55.753436
739.000000 55.600107
740.000000 55.447406
741.000000 55.295330
742.000000 55.143875
743.000000 54.993039
744.000000 54.842817
745.000000 54.693206
746.000000 54.544203
747.000000 54.395805
748.000000 54.248008
749.000000 54.100810
750.000000 53.954206
751.000000 53.808195
752.000000 53.662772
753.000000 53.517934
754.000000 53.373679
755.000000 53.230004
756.000000 53.086904
757.000000 52.944377
758.000000 52.802421
759.000000 52.661031
760.000000 52.520206
761.000000 52.379941
762.000000 52.240235
763.000000 52.101084
764.000000 51.962485
765.000000 51.824435
766.000000 51.686931
767.000000 51.549971
768.000000 51.413552
769.000000 51.277671
770.000000 51.142324
771.000000 51.007510
772.000000 50.873225
773.000000 50.739467
774.000000 50.606233
775.000000 50.473520
776.000000 50.341325
777.000000 50.209647
778.000000 50.078481
779.000000 49.947826
780.000000 49.817679
781.000000 49.688037
782.000000 49.558897
783.000000 49.430258
784.000000 49.302116
785.000000 49.174469
786.000000 49.047314
787.000000 48.920649
788.000000 48.794472
789.000000 48.668779
790.000000 48.543569
791.000000 48.418838
792.000000 48.294585
793.000000 48.170808
794.000000 48.047502
795.000000 47.924667
796.000000 47.802300
797.000000 47.680399
798.000000 47.558960
799.000000 47.437982
800.000000 47.317463
801.000000 47.197400
802.000000 47.077791
803.000000 46.958633
804.000000 46.839925
805.000000 46.721664
806.000000 46.603847
807.000000 46.486473
808.000000 46.369540
809.000000 46.253045
810.000000 46.136986
811.000000 46.021361
812.000000 45.906167
813.000000 45.791403
814.000000 45.677067
815.000000 45.563156
816.000000 45.449668
817.000000 45.336601
818.000000 45.223954
819.000000 45.111723
820.000000 44.999907
821.000000 44.888505
822.000000 44.777513
823.000000 44.666930
824.000000 44.556754
825.000000 44.446983
826.000000 44.337614
827.000000 44.228647
828.000000 44.120079
829.000000 44.011908
830.000000 43.904131
831.000000 43.796749
832.000000 43.689757
833.000000 43.583155
834.000000 43.476940
835.000000 43.371111
836.000000 43.265666
837.000000 43.160603
838.000000 43.055920
839.000000 42.951615
840.000000 42.847687
841.000000 42.744133
842.000000 42.640952
843.000000 42.538143
844.000000 42.435702
845.000000 42.333630
846.000000 42.231923
847.000000 42.130580
848.000000 42.029599
849.000000 41.928979
850.000000 41.828718
851.000000 41.728814
852.000000 41.629266
853.000000 41.530072
854.000000 41.431229
855.000000 41.332738
856.000000 41.234595
857.000000 41.136799
858.000000 41.039349
859.000000 40.942243
860.000000 40.845479
861.000000 40.749056
862.000000 40.652972
863.000000 40.557226
864.000000 40.461815
865.000000 40.366739
866.000000 40.271996
867.000000 40.177584
868.000000 40.083502
869.000000 39.989749
870.000000 39.896322
871.000000 39.803220
872.000000 39.710442
873.000000 39.617986
874.000000 39.525851
875.000000 39.434035
876.000000 39.342537
877.000000 39.251356
878.000000 39.160489
879.000000 39.069935
880.000000 38.979694
881.000000 38.889763
882.000000 38.800142
883.000000 38.710828
884.000000 38.621820
885.000000 38.533117
886.000000 38.444718
887.000000 38.356621
888.000000 38.268825
889.000000 38.181328
890.000000 38.094130
891.000000 38.007228
892.000000 37.920621
893.000000 37.834309
894.000000 37.748289
895.000000 37.662561
896.000000 37.577123
897.000000 37.491973
898.000000 37.407111
899.000000 37.322536
900.000000 37.238245
901.000000 37.154238
902.000000 37.070513
903.000000 36.987069
904.000000 36.903906
905.000000 36.821021
906.000000 36.738413
907.000000 36.656081
908.000000 36.574025
909.000000 36.492242
910.000000 36.410731
911.000000 36.329492
912.000000 36.248523
913.000000 36.167823
914.000000 36.087390
915.000000 36.007224
916.000000 35.927324
917.000000 35.847687
918.000000 35.768314
919.000000 35.689202
920.000000 35.610352
921.000000 35.531761
922.000000 35.453428
923.000000 35.375352
924.000000 35.297533
925.000000 35.219969
926.000000 35.142659
927.000000 35.065602
928.000000 34.988796
929.000000 34.912241
930.000000 34.835936
931.000000 34.759879
932.000000 34.684070
933.000000 34.608507
934.000000 34.533190
935.000000 34.458116
936.000000 34.383286
937.000000 34.308698
938.000000 34.234351
939.000000 34.160244
940.000000 34.086377
941.000000 34.012747
942.000000 33.939354
943.000000 33.866197
944.000000 33.793275
945.000000 33.720588
946.000000 33.648133
947.000000 33.575910
948.000000 33.503918
949.000000 33.432156
950.000000 33.360623
951.000000 33.289318
952.000000 33.218241
953.000000 33.147389
954.000000 33.076763
955.000000 33.006361
956.000000 32.936182
957.000000 32.866226
958.000000 32.796491
959.000000 32.726976
960.000000 32.657681
961.000000 32.588605
962.000000 32.519746
963.000000 32.451104
964.000000 32.382679
965.000000 32.314468
966.000000 32.246471
967.000000 32.178687
968.000000 32.111116
969.000000 32.043756
970.000000 31.976607
971.000000 31.909667
972.000000 31.842937
973.000000 31.776414
974.000000 31.710098
975.000000 31.643989
976.000000 31.578085
977.000000 31.512385
978.000000 31.446889
979.000000 31.381596
980.000000 31.316505
981.000000 31.251616
982.000000 31.186926
983.000000 31.122436
984.000000 31.058145
985.000000 30.994052
986.000000 30.930156
987.000000 30.866456
988.000000 30.802952
989.000000 30.739642
990.000000 30.676526
991.000000 30.613604
992.000000 30.550873
993.000000 30.488334
994.000000 30.425987
995.000000 30.363829
996.000000 30.301860
997.000000 30.240080
998.000000 30.178487
999.000000 30.117081
1000.000000 30.055862
1001.000000 29.994828
1002.000000 29.933979
1003.000000 29.873313
1004.000000 29.812831
1005.000000 29.752532
1006.000000 29.692414
1007.000000 29.632477
1008.000000 29.572720
1009.000000 29.513143
1010.000000 29.453745
1011.000000 29.394525
1012.000000 29.335483
1013.000000 29.276617
1014.000000 29.217927
1015.000000 29.159413
1016.000000 29.101073
1017.000000 29.042907
1018.000000 28.984914
1019.000000 28.927094
1020.000000 28.869446
1021.000000 28.811969
1022.000000 28.754663
1023.000000 28.697526
1024.000000 28.640559
000000 0.605475
1012.000000 50.664517
1013.000000 55.723383
1014.000000 9.782073
1015.000000 23.840587
1016.000000 40.898927
1017.000000 25.957093
1018.000000 41.015086
1019.000000 8.072906
1020.000000 37.130554
1021.000000 38.188031
1022.000000 36.245337
1023.000000 52.302474
1024.000000 56.359441
